RunID	GPSNum	GarNum	Tipas	Pavadinimas	planTripStartTime	tripStartTime	ahead	aheadStop	aheadStopTime	behind	behindStop	behindStopTime	ReisoMarsrutas	Transportas	Marsrutas	Pavadinimas
-----	------	------	-----	-----------	-----------------	-------------	-----	---------	-------------	------	----------	--------------	--------------	-----------	---------	-----------
665207	2-2963	720	B>A	Oro uostas–Vikingų g.–Stotis	1123	1126.49	2.9000001	Aguonų st.	1143.2	4.9000001	Vikingų slėnis	1132.9	1	Autobusai	1	01-Ž
665207	2-2963	720	B>A	Oro uostas–Vikingų g.–Stotis	1176	1178.4301	1.6	„Sparta“	1193.1	4.1999998	Vikingų slėnis	1185.2	1	Autobusai	1	01-Ž
665207	2-2963	720	B>A	Oro uostas–Vikingų g.–Stotis	1280	1283.22	-0.2	Aguonų st.	1297.1	3.3	Vikingų slėnis	1288.3	1	Autobusai	1	01-Ž
665207	2-2963	720	A>B	Stotis–Vikingų g.–Oro uostas	1304	1303.42	-3.2	„Sparta“	1311.1	0.69999999	Naujininkai	1318.8	1	Autobusai	1	01-Ž
665207	2-2963	720	B>A	Oro uostas–Vikingų g.–Stotis	1332	1333	-3.0999999	„Sparta“	1344.3	0.60000002	Vikingų st.	1335.6	1	Autobusai	1	01-Ž
665329	2-2898	715	B>A	Markučiai–Baltupiai–Fabijoniškės	497	496.98999	-3.2	Antano Jonyno st.	531.70001	1.5	Karaliaus Mindaugo tiltas	509.29999	10	Autobusai	10	01-Ž
665329	2-2898	715	A>B	Fabijoniškės–Baltupiai–Markučiai	765	766.44	0.80000001	Kaimelio žiedas	767	9	Užupio st.	807.09998	10	Autobusai	10	01-Ž
665329	2-2898	715	A>B	Fabijoniškės–Baltupiai–Markučiai	859	857.95001	-1.3	Liudo Giros st.	862	7.0999999	Subačiaus st.	901.09998	10	Autobusai	10	01-Ž
665329	2-2898	715	B>A	Markučiai–Baltupiai–Fabijoniškės	904	905.33002	0.2	Subačiaus st.	909.09998	4.5	Mykolo Romerio universitetas	943.90002	10	Autobusai	10	01-Ž
665329	2-2898	715	A>B	Fabijoniškės–Baltupiai–Markučiai	1049	1048.53	-0.5	Kaimelio žiedas	1049.6	5.4000001	Subačiaus st.	1089.5	10	Autobusai	10	01-Ž
665329	2-2898	715	B>A	Markučiai–Baltupiai–Fabijoniškės	1094	1093.86	-0.5	Subačiaus st.	1098.3	3.2	Karaliaus Mindaugo tiltas	1108	10	Autobusai	10	01-Ž
665329	2-2898	715	A>B	Fabijoniškės–Baltupiai–Markučiai	1171	1170.87	-0.60000002	Giedraičių st.	1188.7	3.0999999	Užupio st.	1207.1	10	Autobusai	10	01-Ž
665329	2-2898	715	B>A	Markučiai–Baltupiai–Fabijoniškės	1216	1215.78	-0.1	Markučiai	1216	3.0999999	Karaliaus Mindaugo tiltas	1227.9	10	Autobusai	10	01-Ž
665329	2-2898	715	A>B	Fabijoniškės–Baltupiai–Markučiai	1296	1295.4	-0.69999999	Liudo Giros st.	1299.5	3.0999999	Subačiaus st.	1333.1	10	Autobusai	10	01-Ž
665243	2-736	761	B>A	Markučiai–Baltupiai–Fabijoniškės	332	331.92999	-1.4	Antano Jonyno st.	364.39999	3.5	Karaliaus Mindaugo tiltas	344.29999	10	Autobusai	10	02
665243	2-736	761	A>B	Fabijoniškės–Baltupiai–Markučiai	690	689.23999	-0.69999999	Kaimelio žiedas	690.40002	4.3000002	Subačiaus st.	729.40002	10	Autobusai	10	02
665243	2-736	761	A>B	Fabijoniškės–Baltupiai–Markučiai	787	786.10999	-1	Kaimelio žiedas	787.20001	4.5999999	Užupio st.	824.59998	10	Autobusai	10	02
665243	2-736	761	A>B	Fabijoniškės–Baltupiai–Markučiai	886	886.82001	0.69999999	Kaimelio žiedas	887.90002	5.3000002	Žalgirio st.	911.09998	10	Autobusai	10	02
665243	2-736	761	B>A	Markučiai–Baltupiai–Fabijoniškės	1024	1025.46	1.2	Antano Jonyno st.	1063	4.0999999	Karaliaus Mindaugo tiltas	1038.9	10	Autobusai	10	02
665523	2-1361	970	A>B	Fabijoniškės–Baltupiai–Markučiai	1079	1084.97	5.8000002	Mykolo Romerio universitetas	1090.3	10.4	Subačiaus st.	1124.5	10	Autobusai	10	02
665523	2-1361	970	B>A	Markučiai–Baltupiai–Fabijoniškės	1124	1131.61	6.6999998	Antano Jonyno st.	1168.5	9	Karaliaus Mindaugo tiltas	1143.8	10	Autobusai	10	02
665523	2-1361	970	A>B	Fabijoniškės–Baltupiai–Markučiai	1199	1199.9399	0.69999999	Liudo Giros st.	1204	3.4000001	Subačiaus st.	1236.4	10	Autobusai	10	02
665523	2-1361	970	B>A	Markučiai–Baltupiai–Fabijoniškės	1243	1246.99	4	Markučiai	1247	7.5	Karaliaus Mindaugo tiltas	1259.3	10	Autobusai	10	02
665523	2-1361	970	B>A	Markučiai–Baltupiai–Fabijoniškės	1327	1326.98	-3.2	Ateities st.	1354	1	Karaliaus Mindaugo tiltas	1336.8	10	Autobusai	10	02
665225	2-2026	722	A>B	Fabijoniškės–Baltupiai–Markučiai	314	315.39001	0	Paplaujos st.	348.39999	3.7	Žalgirio st.	333.39999	10	Autobusai	10	03
665225	2-2026	722	B>A	Markučiai–Baltupiai–Fabijoniškės	354	355.69	-0.1	Ateities st.	384.10001	4.1999998	Karaliaus Mindaugo tiltas	367	10	Autobusai	10	03
665225	2-2026	722	B>A	Markučiai–Baltupiai–Fabijoniškės	446	447.07999	1.2	Markučiai	447.29999	5.3000002	Broniaus Laurinavičiaus skveras	466.89999	10	Autobusai	10	03
665225	2-2026	722	A>B	Fabijoniškės–Baltupiai–Markučiai	709	710.28003	0.89999998	Kaimelio žiedas	710.90002	7.4000001	Subačiaus st.	751.40002	10	Autobusai	10	03
665225	2-2026	722	A>B	Fabijoniškės–Baltupiai–Markučiai	807	807.34003	0.30000001	Kaimelio žiedas	808.5	9	Subačiaus st.	851	10	Autobusai	10	03
665225	2-2026	722	A>B	Fabijoniškės–Baltupiai–Markučiai	907	907.39001	0.30000001	Kaimelio žiedas	908.40002	3.2	Didlaukio st.	918.90002	10	Autobusai	10	03
665225	2-2026	722	A>B	Fabijoniškės–Baltupiai–Markučiai	1116	1116.0601	0.1	Kaimelio žiedas	1117.2	3.9000001	Užupio st.	1153	10	Autobusai	10	03
665225	2-2026	722	B>A	Markučiai–Baltupiai–Fabijoniškės	1275	1275.36	0.40000001	Markučiai	1275.5	5.5	Karaliaus Mindaugo tiltas	1289.3	10	Autobusai	10	03
665421	2-10598	803	A>B	Fabijoniškės–Baltupiai–Markučiai	514	514.04999	-0.40000001	Liudo Giros st.	517.90002	3.9000001	Užupio st.	551.09998	10	Autobusai	10	04
665421	2-10598	803	A>B	Fabijoniškės–Baltupiai–Markučiai	606	606.04999	-0.1	Giedraičių st.	624.40002	3.8	Užupio st.	642.79999	10	Autobusai	10	04
665421	2-10598	803	A>B	Fabijoniškės–Baltupiai–Markučiai	724	724.45001	0.40000001	Kaimelio žiedas	725.59998	8.5	Užupio st.	765.5	10	Autobusai	10	04
665421	2-10598	803	A>B	Fabijoniškės–Baltupiai–Markučiai	844	843.84998	-0.40000001	Kaimelio žiedas	844.70001	5.5999999	Subačiaus st.	884.59998	10	Autobusai	10	04
665421	2-10598	803	A>B	Fabijoniškės–Baltupiai–Markučiai	935	935.47998	0.2	Kaimelio žiedas	936.40002	5.9000001	Subačiaus st.	976	10	Autobusai	10	04
665421	2-10598	803	B>A	Markučiai–Baltupiai–Fabijoniškės	980	980.72998	0.1	Subačiaus st.	985	4.3000002	Jono Kazlausko st.	1011	10	Autobusai	10	04
665276	2-507	762	B>A	Markučiai–Baltupiai–Fabijoniškės	376	376.10999	0.30000001	Markučiai	376.39999	5.1999998	Naujakiemio st.	405.60001	10	Autobusai	10	05
665276	2-507	762	B>A	Markučiai–Baltupiai–Fabijoniškės	468	467.69	-0.2	Markučiai	467.79999	4.0999999	Broniaus Laurinavičiaus skveras	488.10001	10	Autobusai	10	05
665276	2-507	762	A>B	Fabijoniškės–Baltupiai–Markučiai	549	549.06	0	Kaimelio žiedas	550.09998	3.2	Karaliaus Mindaugo tiltas	580.59998	10	Autobusai	10	05
665276	2-507	762	A>B	Fabijoniškės–Baltupiai–Markučiai	649	649.46997	0.5	Kaimelio žiedas	650.70001	4.9000001	Subačiaus st.	688.90002	10	Autobusai	10	05
665276	2-507	762	B>A	Markučiai–Baltupiai–Fabijoniškės	694	693.97998	0	Subačiaus st.	698.90002	3.4000001	Karaliaus Mindaugo tiltas	708.29999	10	Autobusai	10	05
665276	2-507	762	A>B	Fabijoniškės–Baltupiai–Markučiai	740	739.71002	-0.30000001	Kaimelio žiedas	740.90002	8.6000004	Užupio st.	781.59998	10	Autobusai	10	05
665276	2-507	762	B>A	Markučiai–Baltupiai–Fabijoniškės	785	787.48999	1.2	Pramogų arena	811.09998	3.4000001	Karaliaus Mindaugo tiltas	799.20001	10	Autobusai	10	05
665276	2-507	762	A>B	Fabijoniškės–Baltupiai–Markučiai	830	829.65997	-0.30000001	Kaimelio žiedas	830.79999	8	Subačiaus st.	873	10	Autobusai	10	05
665276	2-507	762	B>A	Markučiai–Baltupiai–Fabijoniškės	880	881.63	1	Žaliasis tiltas	896.40002	3.5999999	Broniaus Laurinavičiaus skveras	902.20001	10	Autobusai	10	05
665276	2-507	762	A>B	Fabijoniškės–Baltupiai–Markučiai	926	926.15002	0.1	Kaimelio žiedas	927.29999	4.3000002	Subačiaus st.	965.5	10	Autobusai	10	05
665276	2-507	762	A>B	Fabijoniškės–Baltupiai–Markučiai	1027	1027.21	0	Kaimelio žiedas	1028	8.3000002	Subačiaus st.	1070.4	10	Autobusai	10	05
665276	2-507	762	B>A	Markučiai–Baltupiai–Fabijoniškės	1072	1075.41	3.4000001	Markučiai	1075.5	9.1999998	Broniaus Laurinavičiaus skveras	1099.8	10	Autobusai	10	05
665276	2-507	762	A>B	Fabijoniškės–Baltupiai–Markučiai	1146	1145.8101	-0.2	Kaimelio žiedas	1146.9	5.1999998	Subačiaus st.	1186.2	10	Autobusai	10	05
665276	2-507	762	A>B	Fabijoniškės–Baltupiai–Markučiai	1259	1259.03	-0.1	Kaimelio žiedas	1259.9	4.4000001	Užupio st.	1295.4	10	Autobusai	10	05
665413	2-10560	804	A>B	Fabijoniškės–Baltupiai–Markučiai	533	533.65997	0.69999999	Kaimelio žiedas	534.79999	6.6999998	Subačiaus st.	574.70001	10	Autobusai	10	06
665413	2-10560	804	A>B	Fabijoniškės–Baltupiai–Markučiai	633	633.42999	0.5	Kaimelio žiedas	634.5	8.8000002	Subačiaus st.	676.79999	10	Autobusai	10	06
665413	2-10560	804	B>A	Markučiai–Baltupiai–Fabijoniškės	678	681.26001	2.2	Antano Jonyno st.	718.09998	4.6999998	Broniaus Laurinavičiaus skveras	701.29999	10	Autobusai	10	06
665413	2-10560	804	A>B	Fabijoniškės–Baltupiai–Markučiai	753	753.12	0.1	Kaimelio žiedas	754.20001	9.1000004	Subačiaus st.	797.09998	10	Autobusai	10	06
665413	2-10560	804	A>B	Fabijoniškės–Baltupiai–Markučiai	873	874.59003	1.6	Kaimelio žiedas	875.70001	10.8	Subačiaus st.	918.79999	10	Autobusai	10	06
665413	2-10560	804	B>A	Markučiai–Baltupiai–Fabijoniškės	918	923.22998	4.0999999	Subačiaus st.	927	7.5999999	Broniaus Laurinavičiaus skveras	944.20001	10	Autobusai	10	06
665413	2-10560	804	A>B	Fabijoniškės–Baltupiai–Markučiai	964	965.64001	1.6	Kaimelio žiedas	966.70001	10.7	Subačiaus st.	1009.8	10	Autobusai	10	06
665413	2-10560	804	B>A	Markučiai–Baltupiai–Fabijoniškės	1009	1015.61	6	Subačiaus st.	1020	9.8999996	Baltupiai	1047.6	10	Autobusai	10	06
665460	2-1840	754	A>B	Fabijoniškės–Baltupiai–Markučiai	560	561.20001	1.2	Kaimelio žiedas	562.20001	6	Subačiaus st.	601	10	Autobusai	10	07
665460	2-1840	754	A>B	Fabijoniškės–Baltupiai–Markučiai	658	659.66998	0.89999998	Mykolo Romerio universitetas	664.5	6.9000001	Subačiaus st.	699.90002	10	Autobusai	10	07
665460	2-1840	754	B>A	Markučiai–Baltupiai–Fabijoniškės	703	705.44	1.8	Subačiaus st.	709.59998	5.8000002	Broniaus Laurinavičiaus skveras	727.40002	10	Autobusai	10	07
665460	2-1840	754	A>B	Fabijoniškės–Baltupiai–Markučiai	777	778.78003	1.5	Kaimelio žiedas	779.59998	9.5	Dailės akademija	818.5	10	Autobusai	10	07
665460	2-1840	754	B>A	Markučiai–Baltupiai–Fabijoniškės	822	825.15997	1.2	Žaliasis tiltas	838.5	3.5	Broniaus Laurinavičiaus skveras	844.09998	10	Autobusai	10	07
665460	2-1840	754	A>B	Fabijoniškės–Baltupiai–Markučiai	897	872.91998	1.6	Liudo Giros st.	902.79999	3.5	Žalgirio st.	920.29999	10	Autobusai	10	07
665542	2-10486	932	A>B	Saulėtekis–Žygimantų g.–Savanorių–Laisvės pr.–Fabijoniškės	1431	1430.87	-1.3	Rygos st.	1485	4.1999998	Karaliaus Mindaugo tiltas	1449.6	101N	Autobusai	101N	01
665542	2-10486	932	B>A	Fabijoniškės–Laisvės–Savanorių pr.–Žygimantų g.–Saulėtekis	1501	1501.29	-3.0999999	Simono Konarskio st.	1531.5	2	Viršuliškės	1514.8	101N	Autobusai	101N	01
665546	2-2568	952	A>B	Saulėtekis–Žygimantų g.–Savanorių–Laisvės pr.–Fabijoniškės	1474	1474.89	-2.5	Gedvydžių st.	1534.8	5.6999998	Karaliaus Mindaugo tiltas	1494.1	101N	Autobusai	101N	02
665546	2-2568	952	B>A	Fabijoniškės–Laisvės–Savanorių pr.–Žygimantų g.–Saulėtekis	1547	1547.25	-3.5	Eigulių st.	1570.4	0.69999999	Spaudos rūmai	1561	101N	Autobusai	101N	02
665535	2-3098	958	A>B	Saulėtekis–Žygimantų g.–Savanorių–Laisvės pr.–Fabijoniškės	1522	1523.01	-1.6	Miškiniai	1559.7	4.1999998	Karaliaus Mindaugo tiltas	1540.7	101N	Autobusai	101N	03
665549	2-496	753	B>A	Stotis–Maironio–Žygimantų g.–Žvėrynas–Pilaitė	1598	1598.3101	0.40000001	Stotis	1598.8	4.0999999	Karaliaus Mindaugo tiltas	1612.1	102N	Autobusai	102N	02
665541	2-1846	957	A>B	Santariškės–Didlaukio–Kalvarijų–Pylimo g.–Stotis–Gerosios Vilties st.	1419	1418.59	-2	Rugių st.	1427.2	4.6999998	Gėlių st.	1458.2	103N	Autobusai	103N	01
665541	2-1846	957	B>A	Gerosios Vilties st.–Stotis–Pylimo–Kalvarijų–Didlaukio g.–Santariškės	1469	1467.9301	-0.1	Muzikų st.	1516.9	5.3000002	Pramogų arena	1504.7	103N	Autobusai	103N	01
665541	2-1846	957	A>B	Santariškės–Didlaukio–Kalvarijų–Pylimo g.–Stotis–Gerosios Vilties st.	1529	1526.89	-9	Santariškių žiedas	1520.5	-0.40000001	Žalgirio st.	1549.8	103N	Autobusai	103N	01
665541	2-1846	957	B>A	Gerosios Vilties st.–Stotis–Pylimo–Kalvarijų–Didlaukio g.–Santariškės	1579	1578.28	-0.80000001	Jogailos st.	1598.4	4.3000002	Rugių st.	1622.8	103N	Autobusai	103N	01
665544	2-246	752	B1>A	Gerosios Vilties st.–Stotis–Pylimo–Kalvarijų–Didlaukio g.–Santariškės	1443	1443.42	-0.1	Savanorių prospektas	1444.8	3.8	Jogailos st.	1463.3	103N	Autobusai	103N	02
665544	2-246	752	A>B	Santariškės–Didlaukio–Kalvarijų–Pylimo g.–Stotis–Gerosios Vilties st.	1500	1501.58	-1.2	Kalvarijos	1507.4	3.9000001	Vinco Kudirkos aikštė	1531	103N	Autobusai	103N	02
665544	2-246	752	B>A	Gerosios Vilties st.–Stotis–Pylimo–Kalvarijų–Didlaukio g.–Santariškės	1550	1552.21	-4	Muzikų st.	1594.1	2.4000001	Žemaitės st.	1557.2	103N	Autobusai	103N	02
665545	2-83	757	A>B	Santariškės–Didlaukio–Kalvarijų–Pylimo g.–Stotis–Gerosios Vilties st.	1453	1453.38	-1.3	Santariškės	1455.7	4.8000002	Žalgirio st.	1479	103N	Autobusai	103N	03
665547	2-1896	717	B>A	Naujininkai–Pylimo–Žirmūnų–Ateities g.	1507	1506.71	-2.8	Algirdo st.	1511.4	5.5999999	Simono Stanevičiaus st.	1548.9	104N	Autobusai	104N	02
665538	2-2598	788	A>B	Pašilaičiai–Šeškinė–Konstitucijos pr.–Žygimantų g.–Polocko st.	1412	1414.5699	1.8	Filaretų st.	1443.6	4.3000002	Europos aikštė	1432.9	105N	Autobusai	105N	01
665538	2-2598	788	A>B	Pašilaičiai–Šeškinė–Konstitucijos pr.–Žygimantų g.–Polocko st.	1483	1484.91	1.8	Skalvių st.	1484.8	3.8	Kalnų parkas	1510.7	105N	Autobusai	105N	01
665538	2-2598	788	B>A	Polocko st.–Žygimantų g.–Konstitucijos pr.–Šeškinė–Pašilaičiai	1587	1583.65	-4.3000002	Vasaros st.	1587.3	2.8	Medeinos st.	1620.1	105N	Autobusai	105N	01
665543	2-2963	720	A>B	Pašilaičiai–Šeškinė–Konstitucijos pr.–Žygimantų g.–Polocko st.	1446	1448.95	2	Filaretų st.	1477.4	5.6999998	Saltoniškės	1464.9	105N	Autobusai	105N	02
665543	2-2963	720	B>A	Polocko st.–Žygimantų g.–Konstitucijos pr.–Šeškinė–Pašilaičiai	1477	1478.88	0.60000002	Vasaros st.	1482.1	4	Šeškinė	1499.9	105N	Autobusai	105N	02
665543	2-2963	720	A>B	Pašilaičiai–Šeškinė–Konstitucijos pr.–Žygimantų g.–Polocko st.	1517	1520.49	2	Filaretų st.	1548.3	4.8000002	Pumpėnų st.	1522.8	105N	Autobusai	105N	02
665328	2-1782	192	A>B	Žvėrynas–Senamiestis–Užupis	549	552.77002	-0.40000001	Karaliaus Mindaugo tiltas	566.5	3.3	Liubarto tiltas	557.40002	11	Autobusai	11	01-Ž
665328	2-1782	192	B>A	Užupis–Senamiestis–Žvėrynas	751	753.14001	1.3	Pamėnkalnio st.	770.09998	4.1999998	Trakų st.	763.90002	11	Autobusai	11	01-Ž
665328	2-1782	192	B>A	Užupis–Senamiestis–Žvėrynas	820	822.94	2	Misionierių st.	826.70001	4.1999998	Trakų st.	833	11	Autobusai	11	01-Ž
665328	2-1782	192	B>A	Užupis–Senamiestis–Žvėrynas	887	888.92999	0.80000001	Misionierių st.	892.5	3.2	Trakų st.	899	11	Autobusai	11	01-Ž
665328	2-1782	192	B>A	Užupis–Senamiestis–Žvėrynas	1236	1238.1801	1.8	Subačiaus st.	1240.6	3.5	Reformatų st.	1248.3	11	Autobusai	11	01-Ž
665425	2-2504	193	B>A	Užupis–Senamiestis–Žvėrynas	614	614.39001	0.40000001	Bernardinų st.	614.40002	4.1999998	Trakų st.	627	11	Autobusai	11	02
665425	2-2504	193	B>A	Užupis–Senamiestis–Žvėrynas	788	789.19	1.1	Bernardinų st.	789.09998	4.8000002	Trakų st.	801.5	11	Autobusai	11	02
665425	2-2504	193	B>A	Užupis–Senamiestis–Žvėrynas	922	924.56	1.9	Misionierių st.	928.59998	5.5	Trakų st.	936.20001	11	Autobusai	11	02
665339	2-1990	9206	A>B	Antakalnis–Mileišiškių –S.Kerbedžio g.–Dvarčionys–Vinciūniškės	826	827.22998	-4.5999999	Žemoji Veržuva	850.59998	2.2	Antakalnio žiedas	828.29999	114	Autobusai	114	01-mt
665339	2-1990	9206	B>A	Vinciūniškės–Dvarčionys–S.Kerbedžio–Mileišiškių g.–Antakalnis	865	866.03998	-4.6999998	Antakalnis	891.40002	1.5	Kairėnai	872.40002	114	Autobusai	114	01-mt
665339	2-1990	9206	A>B	Antakalnis–Mileišiškių –S.Kerbedžio g.–Dvarčionys–Vinciūniškės	903	903.44	-3.7	Žemoji Veržuva	928.5	2	Klinikų st.	910.40002	114	Autobusai	114	01-mt
665339	2-1990	9206	B>A	Vinciūniškės–Dvarčionys–S.Kerbedžio–Mileišiškių g.–Antakalnis	942	942.16998	-6.4000001	Klinikų st.	964.5	0.1	Žemoji Veržuva	944.79999	114	Autobusai	114	01-mt
665339	2-1990	9206	A>B	Antakalnis–Mileišiškių –S.Kerbedžio g.–Dvarčionys–Vinciūniškės	980	979.51001	-6.3000002	Žemoji Veržuva	1003	0.69999999	Antakalnio žiedas	980.70001	114	Autobusai	114	01-mt
665339	2-1990	9206	B>A	Vinciūniškės–Dvarčionys–S.Kerbedžio–Mileišiškių g.–Antakalnis	1022	1022.31	-7.5	Klinikų st.	1043.5	0.40000001	Žemoji Veržuva	1025.1	114	Autobusai	114	01-mt
665339	2-1990	9206	A>B	Antakalnis–Mileišiškių –S.Kerbedžio g.–Dvarčionys–Vinciūniškės	1086	1083.96	-6.8000002	Žemoji Veržuva	1108.3	-1.5	Klinikų st.	1089.9	114	Autobusai	114	01-mt
665339	2-1990	9206	B>A	Vinciūniškės–Dvarčionys–S.Kerbedžio–Mileišiškių g.–Antakalnis	1121	1121.3	-7.0999999	Klinikų st.	1142.8	0.5	Žemoji Veržuva	1124.2	114	Autobusai	114	01-mt
665339	2-1990	9206	A>B	Antakalnis–Mileišiškių –S.Kerbedžio g.–Dvarčionys–Vinciūniškės	1166	1146.12	-6.4000001	Žemoji Veržuva	1188.8	-0.60000002	Klinikų st.	1170.8	114	Autobusai	114	01-mt
665339	2-1990	9206	B>A	Vinciūniškės–Dvarčionys–S.Kerbedžio–Mileišiškių g.–Antakalnis	1203	1204.99	-4.5999999	Antakalnis	1229.4	2.0999999	Žemoji Veržuva	1207.8	114	Autobusai	114	01-mt
665339	2-1990	9206	A>B	Antakalnis–Mileišiškių –S.Kerbedžio g.–Dvarčionys–Vinciūniškės	1246	1245.9	-7	Žemoji Veržuva	1268.2	1.3	Antakalnio žiedas	1247.5	114	Autobusai	114	01-mt
665339	2-1990	9206	B>A	Vinciūniškės–Dvarčionys–S.Kerbedžio–Mileišiškių g.–Antakalnis	1285	1286.8199	-7.4000001	Tverečiaus st.	1307.6	1.7	Žemoji Veržuva	1289.5	114	Autobusai	114	01-mt
665339	2-1990	9206	A>B	Antakalnis–Mileišiškių –S.Kerbedžio g.–Dvarčionys–Vinciūniškės	1322	1318.22	-11.1	Žemoji Veržuva	1340	-3.4000001	Tverečiaus st.	1322.4	114	Autobusai	114	01-mt
665339	2-1990	9206	B>A	Vinciūniškės–Dvarčionys–S.Kerbedžio–Mileišiškių g.–Antakalnis	1359	1357.12	-12.8	Klinikų st.	1375.2	-2.0999999	Žemoji Veržuva	1359.6	114	Autobusai	114	01-mt
665367	2-1830	9210	A>B	Antakalnis–Mileišiškių –S.Kerbedžio g.–Dvarčionys–Vinciūniškės	535	537.92999	-12.8	Antakalnio žiedas	522.20001	3.7	Klinikų st.	544.09998	114	Autobusai	114	02-mt
665367	2-1830	9210	B>A	Vinciūniškės–Dvarčionys–S.Kerbedžio–Mileišiškių g.–Antakalnis	673	676.65002	-1.9	Antakalnis	702.09998	3.5	Žemoji Veržuva	679.20001	114	Autobusai	114	02-mt
665367	2-1830	9210	A>B	Antakalnis–Mileišiškių –S.Kerbedžio g.–Dvarčionys–Vinciūniškės	713	716.31	-10.3	Antakalnio žiedas	702.70001	4.5	Klinikų st.	722.90002	114	Autobusai	114	02-mt
665367	2-1830	9210	A>B	Antakalnis–Mileišiškių –S.Kerbedžio g.–Dvarčionys–Vinciūniškės	793	795.78998	-1.7	Žemoji Veržuva	820.5	4.0999999	Antakalnio žiedas	797.20001	114	Autobusai	114	02-mt
665367	2-1830	9210	B>A	Vinciūniškės–Dvarčionys–S.Kerbedžio–Mileišiškių g.–Antakalnis	830	833.85999	-0.80000001	Tverečiaus st.	859.20001	3.8	Kairėnai	839.70001	114	Autobusai	114	02-mt
665367	2-1830	9210	B>A	Vinciūniškės–Dvarčionys–S.Kerbedžio–Mileišiškių g.–Antakalnis	907	910.38	1.4	Bistryčios st.	934	4.4000001	Baniškės	919	114	Autobusai	114	02-mt
665367	2-1830	9210	B>A	Vinciūniškės–Dvarčionys–S.Kerbedžio–Mileišiškių g.–Antakalnis	984	986.28998	0.2	Bistryčios st.	1010	3.0999999	Kairėnai	993	114	Autobusai	114	02-mt
665367	2-1830	9210	B>A	Vinciūniškės–Dvarčionys–S.Kerbedžio–Mileišiškių g.–Antakalnis	1173	1175.95	0.80000001	Antakalnis	1204.8	3.9000001	Kairėnai	1182.8	114	Autobusai	114	02-mt
665367	2-1830	9210	B>A	Vinciūniškės–Dvarčionys–S.Kerbedžio–Mileišiškių g.–Antakalnis	1256	1259.53	0.60000002	Antakalnis	1287.6	4.1999998	Kairėnai	1266.1	114	Autobusai	114	02-mt
665367	2-1830	9210	B>A	Vinciūniškės–Dvarčionys–S.Kerbedžio–Mileišiškių g.–Antakalnis	1336	1339.35	0	Mileišiškių sodai	1356.5	4	Kairėnai	1345.9	114	Autobusai	114	02-mt
665266	2-484	594	A>B	Antakalnis–Rokantiškės–Parko g.	413	412.14999	-5.0999999	Antakalnio žiedas	407.89999	-0.2	Klinikų st.	418.20001	115	Autobusai	115	01
665266	2-484	594	A>B	Antakalnis–Rokantiškės–Parko g.	703	701.46002	-4.5	Antakalnio žiedas	698.5	-0.1	Klinikų st.	708.29999	115	Autobusai	115	01
665266	2-484	594	A>B	Antakalnis–Rokantiškės–Parko g.	1280	1279.02	-5.6999998	Antakalnio žiedas	1274.4	-0.5	Klinikų st.	1284.9	115	Autobusai	115	01
665472	2-442	593	A>B	Antakalnis–Rokantiškės–Parko g.	564	563.31	-3.5999999	Antakalnio žiedas	560.40002	0.1	Klinikų st.	569.5	115	Autobusai	115	02
665271	2-1853	744	A>B	Stotis–Rudamina–Skaidiškės	319	325.35001	1.6	Skaidiškės	350.70001	6	Stotis	325	12	Autobusai	12	01
665271	2-1853	744	A>B	Stotis–Rudamina–Skaidiškės	395	397.32001	2.2	Pelesos st.	400.39999	4	Draugystės st.	425	12	Autobusai	12	01
665271	2-1853	744	B>A	Skaidiškės–Rudamina–Stotis	433	433.29001	0.5	Draugystės st.	439	3.2	Pelesos st.	465.20001	12	Autobusai	12	01
665271	2-1853	744	B>A	Skaidiškės–Rudamina–Stotis	506	505.85001	-0.2	Draugystės st.	511.39999	3.5	Lydos st.	526.59998	12	Autobusai	12	01
665271	2-1853	744	A>B	Stotis–Rudamina–Skaidiškės	577	579.67999	1.8	Pelesos st.	582	3.9000001	Draugystės st.	607	12	Autobusai	12	01
665271	2-1853	744	B>A	Skaidiškės–Rudamina–Stotis	615	615.47998	0.1	Draugystės st.	620.70001	4.9000001	Pelesos st.	648.90002	12	Autobusai	12	01
665271	2-1853	744	A>B	Stotis–Rudamina–Skaidiškės	689	690.09998	0.89999998	Stotis	690.09998	4.8000002	Draugystės st.	719.90002	12	Autobusai	12	01
665271	2-1853	744	B>A	Skaidiškės–Rudamina–Stotis	734	733.65002	-0.40000001	Draugystės st.	739.09998	4.1999998	Pelesos st.	767.20001	12	Autobusai	12	01
665271	2-1853	744	A>B	Stotis–Rudamina–Skaidiškės	772	774.77002	2.5999999	Stotis	774.70001	5.9000001	Draugystės st.	804	12	Autobusai	12	01
665271	2-1853	744	A>B	Stotis–Rudamina–Skaidiškės	853	855.26001	1.9	Stotis	855	4.5999999	Šalčininkų kryptis	867.70001	12	Autobusai	12	01
665271	2-1853	744	A>B	Stotis–Rudamina–Skaidiškės	1011	1012.25	0.60000002	Stotis	1011.6	3.8	Draugystės st.	1040.8	12	Autobusai	12	01
665271	2-1853	744	A>B	Stotis–Rudamina–Skaidiškės	1122	1125.75	2.0999999	Pelesos st.	1127.3	5.6999998	Draugystės st.	1153.1	12	Autobusai	12	01
665262	2-2786	9208	A>B	Žemasis Pavilnys–Markučiai–Stotis–Vilkpėdė	312	316.95001	1.5	„Lelija“	334.70001	5.4000001	Tuputiškės	319.70001	13	Autobusai	13	01-mt
665262	2-2786	9208	B>A	Vilkpėdė–Stotis–Markučiai–Žemasis Pavilnys	404	406.89999	0.1	Paplaujos st.	424.79999	3.4000001	Žiedų st.	432	13	Autobusai	13	01-mt
665262	2-2786	9208	A>B	Žemasis Pavilnys–Markučiai–Stotis–Vilkpėdė	436	437.89001	1.5	Žemasis Pavilnys	437.60001	4.1999998	Aušros vartai	450.89999	13	Autobusai	13	01-mt
665262	2-2786	9208	A>B	Žemasis Pavilnys–Markučiai–Stotis–Vilkpėdė	498	500.37	1.6	„Lelija“	520.90002	4.1999998	Aušros vartai	512.90002	13	Autobusai	13	01-mt
665262	2-2786	9208	B>A	Vilkpėdė–Stotis–Markučiai–Žemasis Pavilnys	553	556.52002	1.2	Paplaujos st.	574.90002	3.5	Vilkpėdės žiedas	556.79999	13	Autobusai	13	01-mt
665262	2-2786	9208	B>A	Vilkpėdė–Stotis–Markučiai–Žemasis Pavilnys	613	614.08002	0.89999998	„Sparta“	621.40002	4.1999998	Žiedų st.	641.90002	13	Autobusai	13	01-mt
665262	2-2786	9208	A>B	Žemasis Pavilnys–Markučiai–Stotis–Vilkpėdė	647	648.38	1.3	Žemasis Pavilnys	648.40002	3.2	„Sparta“	669.20001	13	Autobusai	13	01-mt
665262	2-2786	9208	B>A	Vilkpėdė–Stotis–Markučiai–Žemasis Pavilnys	677	678.34003	0	„Lelija“	682.40002	4.5	Žiedų st.	706.09998	13	Autobusai	13	01-mt
665262	2-2786	9208	B>A	Vilkpėdė–Stotis–Markučiai–Žemasis Pavilnys	740	742.70001	2	„Lelija“	747.5	5.5	Žiedų st.	770.20001	13	Autobusai	13	01-mt
665262	2-2786	9208	B>A	Vilkpėdė–Stotis–Markučiai–Žemasis Pavilnys	802	803.87	0.5	„Lelija“	808	3.7	Aušros vartai	821.5	13	Autobusai	13	01-mt
665262	2-2786	9208	A>B	Žemasis Pavilnys–Markučiai–Stotis–Vilkpėdė	1190	1192.58	2.5	Smolensko st.	1214.3	3.5	„Sparta“	1212.5	13	Autobusai	13	01-mt
665473	2-813	9205	A>B	Žemasis Pavilnys–Markučiai–Stotis–Vilkpėdė	553	553.34003	0.1	Žemasis Pavilnys	553.09998	3.2	Stotis	569.79999	13	Autobusai	13	02-mt
665473	2-813	9205	B>A	Vilkpėdė–Stotis–Markučiai–Žemasis Pavilnys	907	910.83002	1	Stotis	918.70001	3.2	Vilkpėdės žiedas	910.5	13	Autobusai	13	02-mt
665342	2-353	725	A>B	Grigaičiai–Parko–Arimų g.	465	465.51999	-1	Užkiemio st.	492.39999	3.0999999	Rytų st.	479.5	14	Autobusai	14	01
665342	2-353	725	A>B	Grigaičiai–Parko–Arimų g.	632	633.45001	0.69999999	Užkiemio st.	661.70001	3.8	Rytų st.	647.29999	14	Autobusai	14	01
665342	2-353	725	A>B	Grigaičiai–Parko–Arimų g.	992	992.42999	0.2	Grigaičių žiedas	992.29999	3.5999999	Rytų st.	1007.1	14	Autobusai	14	01
665294	2-683	730	A>B	Žolyno g.–Antakalnis–Turniškės	503	505.66	1	Klinikų st.	509.89999	4	Meškeriotojų st.	522	15	Autobusai	15	01-Ž
665294	2-683	730	B1>A	Antakalnis–Žolyno g.	645	646.96997	1.5	Bistryčios st.	654.79999	3.4000001	Antakalnio žiedas	648.40002	15	Autobusai	15	01-Ž
665294	2-683	730	B>A	Turniškės–Antakalnis–Žolyno g.	685	685.28998	-0.30000001	Rato st.	696.29999	3.9000001	Klinikų st.	709.90002	15	Autobusai	15	01-Ž
665294	2-683	730	B>A	Turniškės–Antakalnis–Žolyno g.	797	797.41998	-0.30000001	Rato st.	808.29999	4.8000002	Klinikų st.	822.79999	15	Autobusai	15	01-Ž
665294	2-683	730	B>A	Turniškės–Antakalnis–Žolyno g.	858	858.28998	-0.40000001	Rato st.	869.20001	4.1999998	Klinikų st.	883.20001	15	Autobusai	15	01-Ž
665294	2-683	730	B>A	Turniškės–Antakalnis–Žolyno g.	972	973.04999	0.2	Meškeriotojų st.	975.5	3.0999999	Klinikų st.	996.09998	15	Autobusai	15	01-Ž
665294	2-683	730	A>B	Žolyno g.–Antakalnis–Turniškės	1004	1004.85	-0.5	Klinikų st.	1009.5	3.4000001	Meškeriotojų st.	1023.7	15	Autobusai	15	01-Ž
665294	2-683	730	B>A	Turniškės–Antakalnis–Žolyno g.	1116	1116.8101	0.2	Meškeriotojų st.	1119.5	4.1999998	Lakštingalų st.	1135	15	Autobusai	15	01-Ž
665294	2-683	730	B>A	Turniškės–Antakalnis–Žolyno g.	1170	1170.64	-0.30000001	Meškeriotojų st.	1173.1	3.9000001	Klinikų st.	1194.8	15	Autobusai	15	01-Ž
665294	2-683	730	A>B	Žolyno g.–Antakalnis–Turniškės	1205	1206.8101	0.89999998	Klinikų st.	1211.8	5.5	Meškeriotojų st.	1226.1	15	Autobusai	15	01-Ž
665273	2-3058	500	A>B	Stotis–Nemėžis–Skaidiškės	338	338.34	-2	Žirnių st.	345.39999	3.2	Skaidiškės	366.5	16	Autobusai	16	01
665273	2-3058	500	A>B	Stotis–Nemėžis–Skaidiškės	642	643.92999	0.69999999	Pelesos st.	645.90002	4.1999998	Sodžiaus st.	669.40002	16	Autobusai	16	01
665273	2-3058	500	A>B	Stotis–Nemėžis–Skaidiškės	815	816.83002	1.4	Stotis	816.5	4.3000002	Liepkalnis	824.20001	16	Autobusai	16	01
665273	2-3058	500	B>A	Skaidiškės–Nemėžis–Stotis	847	849.09003	0.69999999	Liepkalnis	868.29999	3.3	Stankutiškės	854.5	16	Autobusai	16	01
665494	2-2598	788	A>B	Stotis–Nemėžis–Skaidiškės	600	603.44	1.6	Posūkis	622	3.5999999	Stadionas	607.59998	16	Autobusai	16	02
665494	2-2598	788	A>B	Stotis–Nemėžis–Skaidiškės	666	666.91998	0.40000001	Stotis	666.5	3.7	Žirnių st.	679	16	Autobusai	16	02
665494	2-2598	788	A>B	Stotis–Nemėžis–Skaidiškės	731	731.78998	0.40000001	Stotis	731.59998	4.5	Žirnių st.	744.79999	16	Autobusai	16	02
665494	2-2598	788	A>B	Stotis–Nemėžis–Skaidiškės	831	831.85999	0.69999999	Stotis	832	5	Žirnių st.	845.29999	16	Autobusai	16	02
665265	2-543	723	B>A	Antaviliai–Nemenčinės pl.–Antakalnis	419	420.76999	-0.89999998	Antavilių žiedas	418.20001	3.0999999	Šilas	426.60001	17	Autobusai	17	01
665222	2-188	764	A>B	Antakalnis–Dvarčionys–Parko g.	356	357.37	-0.1	Aukštagiris	365.89999	3.3	Keramikų st.	373	18	Autobusai	18	01-Ž
665222	2-188	764	A>B	Antakalnis–Dvarčionys–Parko g.	449	449.92999	0.1	Vilniaus universitetas	455.60001	3.2	Palydovo st.	480.20001	18	Autobusai	18	01-Ž
665222	2-188	764	A>B	Antakalnis–Dvarčionys–Parko g.	570	570.56	0.1	Gedimino technikos universitetas	577.29999	3.2	Uosių st.	602.29999	18	Autobusai	18	01-Ž
665222	2-188	764	A>B	Antakalnis–Dvarčionys–Parko g.	884	885.59003	1.7	Nemenčinės plentas	888.79999	4.5	Palydovo st.	916.59998	18	Autobusai	18	01-Ž
665222	2-188	764	A>B	Antakalnis–Dvarčionys–Parko g.	1193	1194.02	0.30000001	Parko st.	1233.9	3.0999999	Keramikų st.	1209.8	18	Autobusai	18	01-Ž
665222	2-188	764	B>A	Parko g.–Dvarčionys–Antakalnis	1240	1243.11	1	Keramikų st.	1269.2	3.2	Naujosios Vilnios žiedas	1243.3	18	Autobusai	18	01-Ž
665222	2-188	764	B>A	Parko g.–Dvarčionys–Antakalnis	1359	1362.88	-0.69999999	Nemenčinės plentas	1397	4	Naujosios Vilnios žiedas	1363	18	Autobusai	18	01-Ž
665228	2-1610	786	A>B	Antakalnis–Dvarčionys–Parko g.	481	484.13	-1.5	Parko st.	520	3.0999999	Antakalnio žiedas	485	18	Autobusai	18	02
665228	2-1610	786	B>A	Parko g.–Dvarčionys–Antakalnis	869	869	0.1	Genių st.	873.09998	3.4000001	Saulėtekis	909.70001	18	Autobusai	18	02
665228	2-1610	786	A>B	Antakalnis–Dvarčionys–Parko g.	916	916.84998	-0.5	Gedimino technikos universitetas	922.5	3.0999999	Uosių st.	948.20001	18	Autobusai	18	02
665228	2-1610	786	A>B	Antakalnis–Dvarčionys–Parko g.	1010	1011.52	0.69999999	Parko st.	1051.2	3.8	Keramikų st.	1027.5	18	Autobusai	18	02
665228	2-1610	786	A>B	Antakalnis–Dvarčionys–Parko g.	1131	1131.15	0.1	Antakalnio žiedas	1131.3	4.9000001	Vakario st.	1160.4	18	Autobusai	18	02
665228	2-1610	786	A>B	Antakalnis–Dvarčionys–Parko g.	1252	1251.5601	-0.30000001	Nemenčinės plentas	1254.8	4.9000001	Uosių st.	1284	18	Autobusai	18	02
665230	2-513	789	B>A	Parko g.–Dvarčionys–Antakalnis	900	901.90002	2	Naujosios Vilnios žiedas	902.09998	4.4000001	Nemenčinės plentas	943.09998	18	Autobusai	18	03
665230	2-513	789	B>A	Parko g.–Dvarčionys–Antakalnis	994	995.75	1.6	Genių st.	999.59998	5.5999999	Saulėtekis	1036.9	18	Autobusai	18	03
665230	2-513	789	A>B	Antakalnis–Dvarčionys–Parko g.	1041	1043.47	0.30000001	Parko st.	1081.8	3.0999999	Uosių st.	1073.2	18	Autobusai	18	03
665230	2-513	789	A>B	Antakalnis–Dvarčionys–Parko g.	1375	1375.85	-3.3	Parko st.	1410.3	1.7	Keramikų st.	1390.4	18	Autobusai	18	03
665208	2-518	711	A>B	Stotis–Lydos pl.–Salininkai	836	837.84998	1.5	Stotis	837.59998	4.0999999	Kelininkų st.	849.20001	19	Autobusai	19	01-Ž
665208	2-518	711	A>B	Stotis–Lydos pl.–Salininkai	977	978.78998	1.4	Stotis	978.40002	3.7	Salininkai	1002.8	19	Autobusai	19	01-Ž
665208	2-518	711	B>A	Salininkai–Lydos pl.–Stotis	1013	1014.97	-0.2	Stadionas	1036.1	3.3	Lydos st.	1027.4	19	Autobusai	19	01-Ž
665208	2-518	711	A>B	Stotis–Lydos pl.–Salininkai	1053	1055.2	1	Mechanikų st.	1078.7	3.3	Liepkalnis	1061.3	19	Autobusai	19	01-Ž
665452	2-2547	653	A>B	Stotis–Lydos pl.–Salininkai	652	652.96002	0.69999999	Stotis	652.79999	4.5	Kelininkų st.	665.59998	19	Autobusai	19	02
665452	2-2547	653	A>B	Stotis–Lydos pl.–Salininkai	718	718.97998	0.60000002	Stotis	718.59998	4.0999999	Salininkai	744.20001	19	Autobusai	19	02
665452	2-2547	653	A>B	Stotis–Lydos pl.–Salininkai	823	823.94	0.5	Pelesos st.	826.70001	3.2	Salininkai	848.29999	19	Autobusai	19	02
665452	2-2547	653	A>B	Stotis–Lydos pl.–Salininkai	931	934.75	1.5	Pelesos st.	935.70001	4.4000001	Salininkai	957.5	19	Autobusai	19	02
665452	2-2547	653	A>B	Stotis–Lydos pl.–Salininkai	1004	1004.81	0.60000002	Stotis	1004.7	5.0999999	Salininkai	1031.2	19	Autobusai	19	02
665321	2-132	501	A>B	Stotis–Lydos pl.–Salininkai	636	637.94	1.7	Pelesos st.	641	3.8	Kelininkų st.	649	19	Autobusai	19	03
665321	2-132	501	A>B	Stotis–Lydos pl.–Salininkai	799	800.19	0.89999998	Stotis	800	4.6999998	Salininkai	825.79999	19	Autobusai	19	03
665321	2-132	501	A>B	Stotis–Lydos pl.–Salininkai	874	877.46997	3	Stotis	877	9.1000004	Salininkai	905.20001	19	Autobusai	19	03
665321	2-132	501	B>A	Salininkai–Lydos pl.–Stotis	910	913.38	3	Stadionas	936.29999	6	Lydos st.	927.09998	19	Autobusai	19	03
665321	2-132	501	A>B	Stotis–Lydos pl.–Salininkai	949	951.09998	1.6	Pelesos st.	953.70001	3.2	Miško parkas	963.79999	19	Autobusai	19	03
665321	2-132	501	B>A	Salininkai–Lydos pl.–Stotis	982	986.02002	3.0999999	Stadionas	1008.4	6.5	Miško parkas	1001.8	19	Autobusai	19	03
665321	2-132	501	A>B	Stotis–Lydos pl.–Salininkai	1023	1025.67	2.3	Stotis	1025.3	6.1999998	Salininkai	1051.3	19	Autobusai	19	03
665321	2-132	501	B>A	Salininkai–Lydos pl.–Stotis	1056	1060.41	2.0999999	Liepkalnis	1080.3	4.5	Lydos st.	1071.6	19	Autobusai	19	03
665321	2-132	501	A>B	Stotis–Lydos pl.–Salininkai	1186	1189.1801	2.8	Stotis	1188.9	8.3999996	Salininkai	1216.5	19	Autobusai	19	03
665321	2-132	501	A>B	Stotis–Lydos pl.–Salininkai	1257	1261.05	3.3	Mechanikų st.	1285.1	4.4000001	Salininkai	1283.5	19	Autobusai	19	03
665321	2-132	501	B>A	Salininkai–Lydos pl.–Stotis	1293	1294.26	0.80000001	Mechanikų st.	1295.6	5.1999998	Lydos st.	1309.4	19	Autobusai	19	03
665321	2-132	501	A>B	Stotis–Lydos pl.–Salininkai	1329	1333.42	0.30000001	Mechanikų st.	1353.9	4.9000001	Liepkalnis	1338.8	19	Autobusai	19	03
665321	2-132	501	B>A	Salininkai–Lydos pl.–Stotis	1362	1366.17	0	Liepkalnis	1384.2	3.7	Mechanikų st.	1367.4	19	Autobusai	19	03
665209	2-531	933	A>B	Stotis–Kalvarijų g.–Santariškės	473	474.57999	0.80000001	Kalvarijų turgus	488.20001	3.8	Jeruzalė	501.89999	1G	Autobusai	1G	01-ž
665209	2-531	933	A>B	Stotis–Kalvarijų g.–Santariškės	1157	1157.9	1.4	Kalvarijų turgus	1172.8	3.9000001	Kalvarijos	1184.8	1G	Autobusai	1G	01-ž
665209	2-531	933	B>A	Santariškės–Kalvarijų g.–Stotis	1195	1195.3199	0.2	Santariškių žiedas	1196.3	5.4000001	Trakų st.	1226.8	1G	Autobusai	1G	01-ž
665209	2-531	933	A>B	Stotis–Kalvarijų g.–Santariškės	1230	1230.45	-0.60000002	Kalvarijų turgus	1243.9	3.3	Kalvarijos	1257.2	1G	Autobusai	1G	01-ž
665414	2-10679	825	A>B	Stotis–Kalvarijų g.–Santariškės	497	504.39001	5.5999999	Broniaus Laurinavičiaus skveras	519	7	Vinco Kudirkos aikštė	512.70001	1G	Autobusai	1G	02
665414	2-10679	825	B>A	Santariškės–Kalvarijų g.–Stotis	539	539.83002	0.80000001	Jeruzalė	545.90002	3.0999999	Centro poliklinika	568.09998	1G	Autobusai	1G	02
665414	2-10679	825	A>B	Stotis–Kalvarijų g.–Santariškės	575	578.66998	3.3	Rūdninkų st.	582.5	7.5999999	Kalvarijos	606.5	1G	Autobusai	1G	02
665414	2-10679	825	B>A	Santariškės–Kalvarijų g.–Stotis	616	618.28998	1.9	Jeruzalė	625.29999	4.3000002	Vinco Kudirkos aikštė	647.79999	1G	Autobusai	1G	02
665414	2-10679	825	B>A	Santariškės–Kalvarijų g.–Stotis	956	957.40002	1.3	Vaikų ligoninė	960.40002	4.9000001	Trakų st.	993.40002	1G	Autobusai	1G	02
665257	2-2743	977	A>B	Stotis–Kalvarijų g.–Santariškės	412	413.42999	0.80000001	Rūdninkų st.	417	4.6999998	Kalvarijos	440.60001	1G	Autobusai	1G	03-ž
665257	2-2743	977	B>A	Santariškės–Kalvarijų g.–Stotis	531	531.59003	0.60000002	Santariškių žiedas	532.70001	3.2	Centro poliklinika	560.09998	1G	Autobusai	1G	03-ž
665257	2-2743	977	B>A	Santariškės–Kalvarijų g.–Stotis	642	643.28998	0.60000002	Jeruzalė	650.09998	3.0999999	Trakų st.	677.59998	1G	Autobusai	1G	03-ž
665257	2-2743	977	B>A	Santariškės–Kalvarijų g.–Stotis	1242	1242.38	0.40000001	Santariškių žiedas	1243.6	3.5	Centro poliklinika	1269.9	1G	Autobusai	1G	03-ž
665307	2-2942	710	A>B	Stotis–Kalvarijų g.–Santariškės	538	538.40002	0.40000001	Broniaus Laurinavičiaus skveras	554.79999	3.7	Vaikų ligoninė	570.29999	1G	Autobusai	1G	05-ž
665307	2-2942	710	B>A	Santariškės–Kalvarijų g.–Stotis	581	581.38	0.40000001	Santariškių žiedas	582.5	4.5999999	Vinco Kudirkos aikštė	609.59998	1G	Autobusai	1G	05-ž
665307	2-2942	710	A>B	Stotis–Kalvarijų g.–Santariškės	854	853.91998	-0.2	Vinco Kudirkos aikštė	865.40002	3.2	Jeruzalė	887	1G	Autobusai	1G	05-ž
665307	2-2942	710	B>A	Santariškės–Kalvarijų g.–Stotis	899	902.07001	-0.80000001	Žaliasis tiltas	922.70001	3.0999999	Santariškių žiedas	903.29999	1G	Autobusai	1G	05-ž
665307	2-2942	710	A>B	Stotis–Kalvarijų g.–Santariškės	1221	1222.88	0.80000001	Vaikų ligoninė	1249.4	3.8	Žaliasis tiltas	1235	1G	Autobusai	1G	05-ž
665297	2-515	934	B>A	Santariškės–Kalvarijų g.–Stotis	463	461.57001	-3.5999999	Trakų st.	486.89999	0	Pramogų arena	475.79999	1G	Autobusai	1G	06
665297	2-515	934	B>A	Santariškės–Kalvarijų g.–Stotis	662	660.38	-3.5999999	Trakų st.	691	-1.6	Santariškių žiedas	661.5	1G	Autobusai	1G	06
665297	2-515	934	A>B	Stotis–Kalvarijų g.–Santariškės	1269	1269.96	0.5	Rūdninkų st.	1273.7	3.9000001	Kalvarijos	1296.8	1G	Autobusai	1G	06
665261	2-2923	824	B>A	Santariškės–Kalvarijų g.–Stotis	672	672.63	-3.5999999	Trakų st.	700.90002	0.69999999	Santariškių žiedas	673.79999	1G	Autobusai	1G	07
665261	2-2923	824	A>B	Stotis–Kalvarijų g.–Santariškės	834	834.09003	-2.3	Vinco Kudirkos aikštė	843.40002	3.5	Vaikų ligoninė	870.70001	1G	Autobusai	1G	07
665261	2-2923	824	A>B	Stotis–Kalvarijų g.–Santariškės	1002	1004.96	2.0999999	Kalvarijų turgus	1021.4	3.4000001	Jeruzalė	1035.2	1G	Autobusai	1G	07
665334	2-494	726	B>A	Santariškės–Kalvarijų g.–Stotis	1172	1172.14	-0.1	Jeruzalė	1178.1	3.0999999	Žalgirio st.	1190.7	1G	Autobusai	1G	08
665334	2-494	726	B>A	Santariškės–Kalvarijų g.–Stotis	1252	1255.02	-0.2	Centro poliklinika	1276.2	3.0999999	Santariškių žiedas	1256.2	1G	Autobusai	1G	08
665353	2-10632	813	B>A	Santariškės–Kalvarijų g.–Stotis	429	431.39001	2.4000001	Santariškių žiedas	432.5	4.5	Kalvarijų turgus	450.10001	1G	Autobusai	1G	09
665353	2-10632	813	B>A	Santariškės–Kalvarijų g.–Stotis	588	590.01001	1.9	Santariškių žiedas	591	5.6999998	Žalgirio st.	609.90002	1G	Autobusai	1G	09
665353	2-10632	813	A>B	Stotis–Kalvarijų g.–Santariškės	865	867.51001	0.30000001	Vinco Kudirkos aikštė	876.90002	3.2	Kalvarijos	896.70001	1G	Autobusai	1G	09
665315	2-797	716	A>B	Stotis–Kalvarijų g.–Santariškės	561	564.40997	3.4000001	Stotis	565.20001	7.1999998	Kalvarijos	592.09998	1G	Autobusai	1G	10
665315	2-797	716	B>A	Santariškės–Kalvarijų g.–Stotis	1013	1012.85	-0.60000002	Jeruzalė	1019.8	3.4000001	Vinco Kudirkos aikštė	1044	1G	Autobusai	1G	10
665315	2-797	716	B>A	Santariškės–Kalvarijų g.–Stotis	1102	1101.9301	-1.1	Jeruzalė	1108.4	3.5	Trakų st.	1137	1G	Autobusai	1G	10
665263	2-569	766	B>A	Oro uostas–Vikingų–Liepkalnio g.–Stotis	731	731.34998	0	Tyzenhauzų st.	738	3.5999999	Pelesos st.	748.59998	2	Autobusai	2	01-ž
665263	2-569	766	A>B	Stotis–Liepkalnio–Vikingų g.–Oro uostas	753	752.59003	-0.40000001	Stotis	754	3.2	Vikingų st.	770.09998	2	Autobusai	2	01-ž
665263	2-569	766	A>B	Stotis–Liepkalnio–Vikingų g.–Oro uostas	900	902.96997	3	Stotis	904.5	5.6999998	Vikingų st.	919.79999	2	Autobusai	2	01-ž
665263	2-569	766	A>B	Stotis–Liepkalnio–Vikingų g.–Oro uostas	1075	1074.47	-0.5	Stotis	1076	3.0999999	Vikingų st.	1092	2	Autobusai	2	01-ž
665263	2-569	766	B>A	Oro uostas–Vikingų–Liepkalnio g.–Stotis	1095	1097.74	2.2	Oro uostas	1097.2	5.6999998	Karaimų kapinės	1107.2	2	Autobusai	2	01-ž
665263	2-569	766	B>A	Oro uostas–Vikingų–Liepkalnio g.–Stotis	1164	1165.2	0.60000002	Oro uostas	1164.7	4.5	Karaimų kapinės	1174.9	2	Autobusai	2	01-ž
665283	2-1747	846	B>A	Lazdynai–Mūrinė Vokė–Žemieji Paneriai	533	535.15997	0.30000001	Vilijos st.	558.79999	3.9000001	Kulokiškės	546.09998	20	Autobusai	20	01-mt
665283	2-1747	846	B>A	Lazdynai–Mūrinė Vokė–Žemieji Paneriai	628	630.98999	2.0999999	Lentvario st.	656.20001	6.8000002	Liudvinava	647.59998	20	Autobusai	20	01-mt
665283	2-1747	846	B>A	Lazdynai–Mūrinė Vokė–Žemieji Paneriai	703	707.34998	1	Vilijos st.	729.5	6.5999999	Kulokiškės	718.70001	20	Autobusai	20	01-mt
665283	2-1747	846	A>B	Žemieji Paneriai–Mūrinė Vokė–Lazdynai	745	745.90997	-0.40000001	Galvės st.	756.79999	3.3	Riešutų st.	780.09998	20	Autobusai	20	01-mt
665283	2-1747	846	B>A	Lazdynai–Mūrinė Vokė–Žemieji Paneriai	777	781.44	2.3	Lentvario st.	805.5	7	Liudvinava	794.5	20	Autobusai	20	01-mt
665250	2-71	9013	B>A	Lazdynai–Mūrinė Vokė–Žemieji Paneriai	359	359.12	-1	Lentvario st.	383.10001	3.8	Liudvinava	374.60001	20	Autobusai	20	02-mt
665250	2-71	9013	A>B	Žemieji Paneriai–Mūrinė Vokė–Lazdynai	390	393.20999	-0.30000001	Erfurto st.	419.5	3.0999999	Vaduvos st.	393.39999	20	Autobusai	20	02-mt
665250	2-71	9013	B>A	Lazdynai–Mūrinė Vokė–Žemieji Paneriai	495	497.37	0	Vilijos st.	519.5	4.0999999	Liudvinava	508.70001	20	Autobusai	20	02-mt
665250	2-71	9013	B>A	Lazdynai–Mūrinė Vokė–Žemieji Paneriai	567	567.94	-1.3	Vilijos st.	590.79999	4.3000002	Liudvinava	581.40002	20	Autobusai	20	02-mt
665250	2-71	9013	B>A	Lazdynai–Mūrinė Vokė–Žemieji Paneriai	660	663.21002	0.69999999	Vilijos st.	685.70001	6.0999999	Liudvinava	676.20001	20	Autobusai	20	02-mt
665250	2-71	9013	B>A	Lazdynai–Mūrinė Vokė–Žemieji Paneriai	735	737.33002	-0.5	Lentvario st.	760.20001	3.3	Liudvinava	750.59998	20	Autobusai	20	02-mt
665250	2-71	9013	B>A	Lazdynai–Mūrinė Vokė–Žemieji Paneriai	829	830.78003	-0.80000001	Vilijos st.	853.20001	4.6999998	Kulokiškės	842.29999	20	Autobusai	20	02-mt
665250	2-71	9013	A>B	Žemieji Paneriai–Mūrinė Vokė–Lazdynai	867	870.47998	-1.3	Mūrinė Vokė	885.70001	3.7	Vaduvos st.	871	20	Autobusai	20	02-mt
665250	2-71	9013	B>A	Lazdynai–Mūrinė Vokė–Žemieji Paneriai	900	902.33002	-1.3	Vilijos st.	923.70001	3.7	Kulokiškės	912.29999	20	Autobusai	20	02-mt
665250	2-71	9013	B>A	Lazdynai–Mūrinė Vokė–Žemieji Paneriai	972	973.45001	-0.5	Vilijos st.	996.5	4.3000002	Kulokiškės	985	20	Autobusai	20	02-mt
665285	2-2587	785	B>A	Centras–Lazdynai–Lazdynėliai	451	452.76999	1.2	Žaros st.	480	5.5999999	Savanorių prospektas	467.89999	21	Autobusai	21	01-Ž
665285	2-2587	785	B>A	Centras–Lazdynai–Lazdynėliai	611	612.07001	-0.60000002	Žaros st.	638.20001	3.0999999	Vingis	623.40002	21	Autobusai	21	01-Ž
665285	2-2587	785	B>A	Centras–Lazdynai–Lazdynėliai	767	769.33002	0.80000001	Žaros st.	795.59998	4.0999999	Vingis	780.5	21	Autobusai	21	01-Ž
665285	2-2587	785	B>A	Centras–Lazdynai–Lazdynėliai	910	911.08002	1.4	Ąžuolo st.	932.70001	3.5999999	Savanorių prospektas	924.90002	21	Autobusai	21	01-Ž
665285	2-2587	785	B>A	Centras–Lazdynai–Lazdynėliai	980	981.09003	0.2	Centro poliklinika	983.29999	3.5999999	Savanorių prospektas	994.90002	21	Autobusai	21	01-Ž
665285	2-2587	785	B>A	Centras–Lazdynai–Lazdynėliai	1051	1051.25	0	Centro poliklinika	1054	3.2	Vingis	1063.5	21	Autobusai	21	01-Ž
665218	2-724	943	A>B	Lazdynai–Oslo g.–Centras	449	450.23999	0.80000001	Žėručio st.	454.39999	4.1999998	Juozo Tumo-Vaižganto st.	476.39999	22	Autobusai	22	01-Ž
665218	2-724	943	A>B	Lazdynai–Oslo g.–Centras	586	589.09998	3.4000001	Žėručio st.	593.79999	5.4000001	Juozo Tumo-Vaižganto st.	614.70001	22	Autobusai	22	01-Ž
665218	2-724	943	B>A	Centras–Oslo g.–Lazdynai	640	642.14001	1.3	Juozo Tumo-Vaižganto st.	645	5.0999999	Vingis	653.70001	22	Autobusai	22	01-Ž
665218	2-724	943	A>B	Lazdynai–Oslo g.–Centras	664	668.40997	4	Žėručio st.	672.5	6.9000001	Juozo Tumo-Vaižganto st.	694.09998	22	Autobusai	22	01-Ž
665218	2-724	943	A>B	Lazdynai–Oslo g.–Centras	722	723.90002	1.4	Žėručio st.	727.79999	3.5	Eigulių st.	736.79999	22	Autobusai	22	01-Ž
665218	2-724	943	A>B	Lazdynai–Oslo g.–Centras	782	784.08002	2	Architektų st.	784.09998	6	Juozo Tumo-Vaižganto st.	811.29999	22	Autobusai	22	01-Ž
665218	2-724	943	A>B	Lazdynai–Oslo g.–Centras	849	850.63	1.4	Žėručio st.	854.90002	4	Eigulių st.	864.29999	22	Autobusai	22	01-Ž
665218	2-724	943	B>A	Centras–Oslo g.–Lazdynai	1002	1003.64	1.5	Juozo Tumo-Vaižganto st.	1007.1	3.9000001	Vingis	1014.6	22	Autobusai	22	01-Ž
665401	2-3103	980	A>B	Lazdynai–Oslo g.–Centras	683	683.84998	0.60000002	Žėručio st.	688	3.5	Eigulių st.	697.79999	22	Autobusai	22	02
665401	2-3103	980	A>B	Lazdynai–Oslo g.–Centras	740	741.53998	1.3	Žėručio st.	745.79999	5.1999998	Juozo Tumo-Vaižganto st.	768.5	22	Autobusai	22	02
665401	2-3103	980	A>B	Lazdynai–Oslo g.–Centras	831	831.94	1.1	Architektų st.	832.09998	3.2	Juozo Tumo-Vaižganto st.	857.40002	22	Autobusai	22	02
665401	2-3103	980	B>A	Centras–Oslo g.–Lazdynai	867	870.71002	3.0999999	Mikalojaus Konstantino Čiurlionio st.	876.40002	3.5	Vingis	879.09998	22	Autobusai	22	02
665401	2-3103	980	A>B	Lazdynai–Oslo g.–Centras	891	894.65997	2.8	Žėručio st.	898.29999	5.4000001	Juozo Tumo-Vaižganto st.	919.59998	22	Autobusai	22	02
665401	2-3103	980	A>B	Lazdynai–Oslo g.–Centras	949	951.22998	1.6	Žėručio st.	955	5.0999999	Juozo Tumo-Vaižganto st.	977.40002	22	Autobusai	22	02
665401	2-3103	980	B>A	Centras–Oslo g.–Lazdynai	983	984.64001	0.60000002	Juozo Tumo-Vaižganto st.	987.29999	3.9000001	Vingis	995.5	22	Autobusai	22	02
665401	2-3103	980	A>B	Lazdynai–Oslo g.–Centras	1007	1011.36	4.4000001	Lazdynų seniūnija	1017.1	6.3000002	Juozo Tumo-Vaižganto st.	1036.6	22	Autobusai	22	02
665237	2-546	750	A>B	Lazdynai–Oslo g.–Centras	756	756.64001	0.2	Žėručio st.	760.59998	3.9000001	Mikalojaus Konstantino Čiurlionio st.	781.09998	22	Autobusai	22	03
665517	2-348	890	A>B	Lazdynai–Oslo g.–Centras	872	883.08002	9.5	Lazdynų seniūnija	887.29999	11.1	Architektų st.	883.79999	22	Autobusai	22	03
665517	2-348	890	B>A	Centras–Oslo g.–Lazdynai	1023	1023.68	-0.69999999	Mikalojaus Konstantino Čiurlionio st.	1028.6	14.1	Šiltnamių st.	1055.5	22	Autobusai	22	03
665517	2-348	890	A>B	Lazdynai–Oslo g.–Centras	1047	1060.66	12.5	Erfurto st.	1065.8	13.9	Juozo Tumo-Vaižganto st.	1084.2	22	Autobusai	22	03
665267	2-690	758	B>A	Lazdynai–Švitrigailos g.–Stotis	969	968.84998	0	Lazdynai	969.09998	3.0999999	Mikalojaus Konstantino Čiurlionio st.	998.90002	23	Autobusai	23	01-Ž
665267	2-690	758	A>B	Stotis–Švitrigailos g.–Lazdynai	1013	1011.69	-0.89999998	Aguonų st.	1016.3	20.5	Lazdynų seniūnija	1057	23	Autobusai	23	01-Ž
665267	2-690	758	B>A	Lazdynai–Švitrigailos g.–Stotis	1040	1059	16.200001	Taraso Ševčenkos st.	1084.7	19.4	Ryto st.	1061.8	23	Autobusai	23	01-Ž
665206	2-2875	959	B>A	Žemieji Paneriai–Ukmergės g.–Fabijoniškės	362	362.22	-4.8000002	Valkininkų st.	357.29999	1.2	Vaduvos st.	364.20001	24	Autobusai	24	01-ž
665475	2-10002	986	B>A	Žemieji Paneriai–Ukmergės g.–Fabijoniškės	812	812.81	0	Takas	840.09998	3.2	Gedvydžių st.	845.09998	24	Autobusai	24	02
665330	2-10380	983	A>B	Fabijoniškės–Ukmergės g.–Žemieji Paneriai	438	439.84	0.89999998	Saltoniškės	456.39999	3.5	Vilkpėdės st.	465.89999	24	Autobusai	24	03
665330	2-10380	983	B>A	Žemieji Paneriai–Ukmergės g.–Fabijoniškės	936	935.95001	0.69999999	Ūmėdžių st.	937.20001	3.7	Jurgio Baltrušaičio st.	965.29999	24	Autobusai	24	03
665330	2-10380	983	A>B	Fabijoniškės–Ukmergės g.–Žemieji Paneriai	1074	1074.08	-0.2	Stasio Lozoraičio st.	1082.3	4.1999998	Riovonys	1104	24	Autobusai	24	03
665330	2-10380	983	A>B	Fabijoniškės–Ukmergės g.–Žemieji Paneriai	1148	1148.27	-0.1	Stasio Lozoraičio st.	1156.4	3.5	Vilkpėdės st.	1175.9	24	Autobusai	24	03
665192	2-2791	940	A>B	Žemieji Paneriai–V. A. Graičiūno g.	680	684.02002	2.7	Fermentų st.	696.29999	4.0999999	Vilijos st.	690	25	Autobusai	25	01
665241	2-143	186	B>A	Bajorai–Jeruzalės–Kalvarijų–Ozo g.	366	369.01001	0.60000002	Jeruzalė	382.5	4	Chemijos institutas	378.39999	26	Autobusai	26	01
665241	2-143	186	B>A	Bajorai–Jeruzalės–Kalvarijų–Ozo g.	426	427.98999	0.89999998	Jeruzalė	442.79999	3.3	Chemijos institutas	437.70001	26	Autobusai	26	01
665241	2-143	186	B>A	Bajorai–Jeruzalės–Kalvarijų–Ozo g.	486	488.16	0.5	Jeruzalė	502.29999	3.5	Licėjus	512.59998	26	Autobusai	26	01
665241	2-143	186	A>B	Ozo–Kalvarijų–Jeruzalės g.–Bajorai	584	583.06	-0.5	Ozo žiedas	584.5	4.0999999	Bajorų miškas	609.59998	26	Autobusai	26	01
665241	2-143	186	B>A	Bajorai–Jeruzalės–Kalvarijų–Ozo g.	606	611.20001	5.1999998	Bajorai	611.29999	9.1999998	Licėjus	638.29999	26	Autobusai	26	01
665241	2-143	186	A>B	Ozo–Kalvarijų–Jeruzalės g.–Bajorai	724	723.56	-0.2	Ozo žiedas	724.90002	6.0999999	Jeruzalė	741.09998	26	Autobusai	26	01
665241	2-143	186	B>A	Bajorai–Jeruzalės–Kalvarijų–Ozo g.	746	751.79999	3	Jeruzalė	764.90002	6.4000001	Licėjus	775.5	26	Autobusai	26	01
665241	2-143	186	A>B	Ozo–Kalvarijų–Jeruzalės g.–Bajorai	784	783.33002	-0.30000001	Ozo žiedas	784.79999	3.7	Kalvarijos	797.5	26	Autobusai	26	01
665241	2-143	186	B>A	Bajorai–Jeruzalės–Kalvarijų–Ozo g.	806	809.03998	1.4	Jeruzalė	823.29999	3.0999999	Licėjus	832.20001	26	Autobusai	26	01
665241	2-143	186	A>B	Ozo–Kalvarijų–Jeruzalės g.–Bajorai	844	843.71002	-0.80000001	Ozo žiedas	844.09998	4.9000001	Kalvarijos	858.59998	26	Autobusai	26	01
665241	2-143	186	B>A	Bajorai–Jeruzalės–Kalvarijų–Ozo g.	866	869.21997	0.80000001	Jeruzalė	882.70001	3.0999999	Bajorai	869.09998	26	Autobusai	26	01
665241	2-143	186	A>B	Ozo–Kalvarijų–Jeruzalės g.–Bajorai	964	963.03998	-1.1	Ozo žiedas	964	10.6	Kalvarijos	984.29999	26	Autobusai	26	01
665241	2-143	186	B>A	Bajorai–Jeruzalės–Kalvarijų–Ozo g.	986	995.5	6.8000002	Jeruzalė	1008.7	10	Chemijos institutas	1004.4	26	Autobusai	26	01
665241	2-143	186	B>A	Bajorai–Jeruzalės–Kalvarijų–Ozo g.	1046	1047.63	1.6	Bajorai	1047.6	3.8	Licėjus	1072.9	26	Autobusai	26	01
665241	2-143	186	B>A	Bajorai–Jeruzalės–Kalvarijų–Ozo g.	1106	1108.27	1.2	Jeruzalė	1123	5.4000001	Licėjus	1134.5	26	Autobusai	26	01
665221	2-200	719	B>A	Arimų–Olandų–Šeimyniškių–Kalvarijų g.	608	608.08002	0.1	Arimų st.	608.20001	3.5	Kalvarijų turgus	642.09998	27	Autobusai	27	01
665221	2-200	719	A>B	Kalvarijų–Tuskulėnų–Olandų–Arimų g.	641	645.10999	-0.69999999	Mildos st.	658.40002	4.4000001	Trimitų st.	645.40002	27	Autobusai	27	01
665221	2-200	719	A>B	Kalvarijų–Tuskulėnų–Olandų–Arimų g.	717	720.89001	0.40000001	Viadukas	736.29999	4.1999998	Trimitų st.	721.20001	27	Autobusai	27	01
665221	2-200	719	A>B	Kalvarijų–Tuskulėnų–Olandų–Arimų g.	869	871.70001	-2	Viadukas	885.79999	3.0999999	Trimitų st.	872.09998	27	Autobusai	27	01
665221	2-200	719	B>A	Arimų–Olandų–Šeimyniškių–Kalvarijų g.	986	987.22998	0.30000001	Šeimyniškių st.	1013.9	3.3	Kalvarijų turgus	1019.9	27	Autobusai	27	01
665221	2-200	719	A>B	Kalvarijų–Tuskulėnų–Olandų–Arimų g.	1019	1023.32	-0.30000001	Užkiemio st.	1050.5	4.4000001	Trimitų st.	1023.5	27	Autobusai	27	01
665221	2-200	719	A>B	Kalvarijų–Tuskulėnų–Olandų–Arimų g.	1283	1286.0601	-0.89999998	Užkiemio st.	1313	3.3	Trimitų st.	1286.3	27	Autobusai	27	01
665275	2-2713	9001	B>A	Grigiškės–Žemieji Paneriai	334	336.03	2.7	Kunigiškių st.	338.10001	3.5	Kovo 11-osios st.	341	28	Autobusai	28	01-mt-Ž
665275	2-2713	9001	B>A	Grigiškės–Žemieji Paneriai	373	375.32001	2.5999999	Kunigiškių st.	377.10001	3.5	Gariūnų st.	386	28	Autobusai	28	01-mt-Ž
665275	2-2713	9001	B>A	Grigiškės–Žemieji Paneriai	416	418.28	2.4000001	Kunigiškių st.	419.89999	3.3	Kovo 11-osios st.	422.70001	28	Autobusai	28	01-mt-Ž
665275	2-2713	9001	B>A	Grigiškės–Žemieji Paneriai	495	497.25	2.7	Kunigiškių st.	499.20001	3.4000001	Kovo 11-osios st.	501.89999	28	Autobusai	28	01-mt-Ž
665275	2-2713	9001	B>A	Grigiškės–Žemieji Paneriai	641	643.16998	2.5	Kunigiškių st.	645	3.5999999	Kovo 11-osios st.	648	28	Autobusai	28	01-mt-Ž
665275	2-2713	9001	B>A	Grigiškės–Žemieji Paneriai	683	685.28003	2.3	Grigiškės	687.79999	3.3	Gariūnų st.	695.90002	28	Autobusai	28	01-mt-Ž
665275	2-2713	9001	B>A	Grigiškės–Žemieji Paneriai	720	721.54999	1.7	Kunigiškių st.	723.20001	3.0999999	Gariūnų st.	732.59998	28	Autobusai	28	01-mt-Ž
665275	2-2713	9001	B>A	Grigiškės–Žemieji Paneriai	798	799.58002	2	Kunigiškių st.	801.5	3.4000001	Kovo 11-osios st.	804.90002	28	Autobusai	28	01-mt-Ž
665275	2-2713	9001	B>A	Grigiškės–Žemieji Paneriai	1290	1291.35	1.6	Kunigiškių st.	1293.1	3.0999999	Gariūnų st.	1302.7	28	Autobusai	28	01-mt-Ž
665288	2-2967	749	B>A	Grigiškės–Lazdynai–Žemaitės g.–Vilkpėdė	350	353.35001	3.2	Burbiškės	382	4.5999999	Vandenvala	368.79999	29	Autobusai	29	01-Ž
665288	2-2967	749	A>B	Vilkpėdė–Žemaitės g.–Lazdynai–Grigiškės	390	395.04999	1.7	Vandenvala	410.39999	4.8000002	Vilkpėdės žiedas	395	29	Autobusai	29	01-Ž
665288	2-2967	749	B>A	Grigiškės–Lazdynai–Žemaitės g.–Vilkpėdė	418	420.5	-0.60000002	Statybininkų st.	444.89999	3.4000001	Kovo 11-osios st.	425.79999	29	Autobusai	29	01-Ž
665288	2-2967	749	A>B	Vilkpėdė–Žemaitės g.–Lazdynai–Grigiškės	459	463.19	-0.80000001	Neravų st.	484.39999	4	Vilkpėdės žiedas	463.29999	29	Autobusai	29	01-Ž
665288	2-2967	749	B>A	Grigiškės–Lazdynai–Žemaitės g.–Vilkpėdė	557	559.03003	2.5	Gerosios Vilties st.	581.59998	4.8000002	Burbiškės	590.40002	29	Autobusai	29	01-Ž
665288	2-2967	749	B>A	Grigiškės–Lazdynai–Žemaitės g.–Vilkpėdė	645	648.09998	3.4000001	Kunigiškių st.	649.90002	5.4000001	Burbiškės	679	29	Autobusai	29	01-Ž
665288	2-2967	749	B>A	Grigiškės–Lazdynai–Žemaitės g.–Vilkpėdė	716	718.37	2.5	Lazdynų ligoninė	736.09998	5.9000001	Burbiškės	750.59998	29	Autobusai	29	01-Ž
665288	2-2967	749	B>A	Grigiškės–Lazdynai–Žemaitės g.–Vilkpėdė	806	807.33002	2.0999999	Šviesos st.	808.20001	4.9000001	Burbiškės	839.59998	29	Autobusai	29	01-Ž
665288	2-2967	749	B>A	Grigiškės–Lazdynai–Žemaitės g.–Vilkpėdė	880	881.37	1.4	Kunigiškių st.	882.90002	3.3	Burbiškės	911.90002	29	Autobusai	29	01-Ž
665288	2-2967	749	B>A	Grigiškės–Lazdynai–Žemaitės g.–Vilkpėdė	958	959.81	1.9	Kunigiškių st.	961.40002	5	Migracijos valdyba	991	29	Autobusai	29	01-Ž
665288	2-2967	749	B>A	Grigiškės–Lazdynai–Žemaitės g.–Vilkpėdė	1028	1028.04	0.40000001	Kunigiškių st.	1029.9	3.5	Eigulių st.	1051.8	29	Autobusai	29	01-Ž
665288	2-2967	749	A>B	Vilkpėdė–Žemaitės g.–Lazdynai–Grigiškės	1089	1094.03	4	Lazdynų ligoninė	1109.8	6	Statybininkų st.	1100.6	29	Autobusai	29	01-Ž
665288	2-2967	749	B>A	Grigiškės–Lazdynai–Žemaitės g.–Vilkpėdė	1118	1123.17	4.5	Gerosios Vilties st.	1145.7	6.4000001	Gariūnai	1136.2	29	Autobusai	29	01-Ž
665288	2-2967	749	B>A	Grigiškės–Lazdynai–Žemaitės g.–Vilkpėdė	1207	1210.1	2.8	Gerosios Vilties st.	1232	3.9000001	Gariūnai	1222.7	29	Autobusai	29	01-Ž
665288	2-2967	749	A>B	Vilkpėdė–Žemaitės g.–Lazdynai–Grigiškės	1314	1314.1899	-0.40000001	Migracijos valdyba	1316.8	3.2	Salos	1343.6	29	Autobusai	29	01-Ž
665288	2-2967	749	B>A	Grigiškės–Lazdynai–Žemaitės g.–Vilkpėdė	1341	1344.45	3.8	Kunigiškių st.	1346.2	5.3000002	Gariūnai	1358.1	29	Autobusai	29	01-Ž
665508	2-412	704	A>B	Vilkpėdė–Žemaitės g.–Lazdynai–Grigiškės	722	742.15002	6.3000002	Neravų st.	753.5	8.3999996	Eigulių st.	742.59998	29	Autobusai	29	02
665508	2-412	704	B>A	Grigiškės–Lazdynai–Žemaitės g.–Vilkpėdė	750	756.71002	6.4000001	Savanorių prospektas	780.5	8.3999996	Burbiškės	787.09998	29	Autobusai	29	02
665478	2-2984	747	A>B	Vilkpėdė–Žemaitės g.–Lazdynai–Grigiškės	1047	1050.64	2.0999999	Eigulių st.	1062.2	3.7	Gerosios Vilties st.	1060.7	29	Autobusai	29	02
665478	2-2984	747	B>A	Grigiškės–Lazdynai–Žemaitės g.–Vilkpėdė	1076	1079.52	-0.2	Burbiškės	1105.5	4.6999998	Kovo 11-osios st.	1085.1	29	Autobusai	29	02
665247	2-3191	712	A>B	Santariškės–Laisvės pr.–Stotis	779	778.69	-0.40000001	Jeruzalė	782.90002	4.9000001	Viršuliškės	804.59998	2G	Autobusai	2G	01-ž
665247	2-3191	712	B>A	Stotis–Laisvės pr.–Santariškės	1192	1191.86	-3.4000001	Vaivorykštės st.	1207.5	-1.8	„Sparta“	1196.3	2G	Autobusai	2G	01-ž
665247	2-3191	712	A>B	Santariškės–Laisvės pr.–Stotis	1245	1245.05	-3.3	„Sparta“	1286.4	0.40000001	Vaikų ligoninė	1245.4	2G	Autobusai	2G	01-ž
665441	2-383	939	B>A1	Stotis–Laisvės pr.–Santariškės (Santariškių žiedas)	716	716.25	-1.8	Naujamiestis	722.29999	4.5	Ateities st.	760.09998	2G	Autobusai	2G	02
665441	2-383	939	A>B	Santariškės–Laisvės pr.–Stotis	798	797.19	-0.40000001	Vaikų ligoninė	797.79999	3.5	Viršuliškės	822.09998	2G	Autobusai	2G	02
665441	2-383	939	A>B	Santariškės–Laisvės pr.–Stotis	910	909.52002	-0.69999999	Jeruzalė	913.5	3.5	Viršuliškės	934.09998	2G	Autobusai	2G	02
665441	2-383	939	A>B	Santariškės–Laisvės pr.–Stotis	1057	1056.14	-3.3	Savanorių prospektas	1091.5	0.80000001	Ateities st.	1064.5	2G	Autobusai	2G	02
665258	2-3138	713	B>A	Stotis–Laisvės pr.–Santariškės	680	680.21002	-1.5	Naujamiestis	686.70001	6.3000002	Kalvarijos	728.40002	2G	Autobusai	2G	03
665258	2-3138	713	A>B	Santariškės–Laisvės pr.–Stotis	734	735.85999	-0.1	Naujamiestis	776	3.5	Viršuliškės	758.20001	2G	Autobusai	2G	03
665258	2-3138	713	B>A	Stotis–Laisvės pr.–Santariškės	787	786.62	-0.40000001	Naujamiestis	794.70001	3.5	Ateities st.	830.20001	2G	Autobusai	2G	03
665258	2-3138	713	A>B	Santariškės–Laisvės pr.–Stotis	845	844.84003	0.1	Santariškės	847	4.5	Liudo Giros st.	859.29999	2G	Autobusai	2G	03
665258	2-3138	713	B>A1	Stotis–Laisvės pr.–Santariškės (Santariškių žiedas)	1006	1005.72	0.1	Stotis	1006.2	3.5	Jeruzalė	1052.7	2G	Autobusai	2G	03
665258	2-3138	713	B>A	Stotis–Laisvės pr.–Santariškės	1145	1144.96	0.40000001	Stotis	1145.5	3.4000001	Jeruzalė	1191.6	2G	Autobusai	2G	03
665510	2-2837	955	B>A1	Stotis–Laisvės pr.–Santariškės (Santariškių žiedas)	736	766.33002	26.700001	Liudo Giros st.	800.20001	29.299999	Stotis	765.40002	2G	Autobusai	2G	04
665319	2-818	718	A>B	Santariškės–Laisvės pr.–Stotis	346	347.13	0.60000002	„Sparta“	388	4.5	Viršuliškės	368.29999	2G	Autobusai	2G	05-ž
665319	2-818	718	A>B	Santariškės–Laisvės pr.–Stotis	696	697.29999	1.5	Santariškės	699.29999	3.5999999	Ateities st.	706.40002	2G	Autobusai	2G	05-ž
665319	2-818	718	B>A	Stotis–Laisvės pr.–Santariškės	861	860.63	-1.3	Naujamiestis	867.90002	5.0999999	Jeruzalė	909.40002	2G	Autobusai	2G	05-ž
665319	2-818	718	A>B	Santariškės–Laisvės pr.–Stotis	1032	1033.1	1.2	Santariškės	1035	3.5	Viršuliškės	1056.2	2G	Autobusai	2G	05-ž
665319	2-818	718	A>B	Santariškės–Laisvės pr.–Stotis	1380	1380.23	-3.2	„Sparta“	1419.6	1.1	Kaimelio st.	1392.1	2G	Autobusai	2G	05-ž
665488	2-83	757	A>B	Santariškės–Laisvės pr.–Stotis	1007	1007.53	0.30000001	„Sparta“	1051.7	3.0999999	Mykolo Romerio universitetas	1018.5	2G	Autobusai	2G	06
665310	2-443	987	A>B	Santariškės–Laisvės pr.–Stotis	410	411.35999	-1.2	„Sparta“	451.20001	3.0999999	Kaimelio st.	423.79999	2G	Autobusai	2G	07-ž
665310	2-443	987	A>B	Santariškės–Laisvės pr.–Stotis	656	658.38	0.30000001	Vaikų ligoninė	656.29999	4	Ateities st.	666.79999	2G	Autobusai	2G	07-ž
665310	2-443	987	B>A	Stotis–Laisvės pr.–Santariškės	708	709.04999	-0.2	Spaudos rūmai	732.59998	5.0999999	Kalvarijos	755.09998	2G	Autobusai	2G	07-ž
665310	2-443	987	A>B	Santariškės–Laisvės pr.–Stotis	764	766.90002	2.2	Naujamiestis	808.20001	5.5	Viršuliškės	790.20001	2G	Autobusai	2G	07-ž
665310	2-443	987	A>B	Santariškės–Laisvės pr.–Stotis	1340	1341.08	-1.2	„Sparta“	1381.5	3.9000001	Sietyno st.	1367	2G	Autobusai	2G	07-ž
665238	2-661	889	B>A	Stotis–Laisvės pr.–Santariškės	320	322.67999	0.89999998	Santariškės	361.60001	3.9000001	Savanorių prospektas	331.60001	2G	Autobusai	2G	08
665238	2-661	889	A>B	Santariškės–Laisvės pr.–Stotis	368	371.01999	-1.9	„Sparta“	407.60001	3.5	Vaikų ligoninė	371.70001	2G	Autobusai	2G	08
665238	2-661	889	B>A	Stotis–Laisvės pr.–Santariškės	417	420.10999	1.6	Viršuliškės	441.39999	3.3	Lazdynai	433.20001	2G	Autobusai	2G	08
665418	2-500	799	A>B	Santariškės–Laisvės pr.–Stotis	938	938.44	-0.40000001	Naujamiestis	979.70001	3.5	Viršuliškės	962.09998	2G	Autobusai	2G	08
665397	2-361	787	B>A1	Stotis–Laisvės pr.–Santariškės (Santariškių žiedas)	697	697.03998	-1.6	Liudo Giros st.	732.90002	3.7	Vaikų ligoninė	747.40002	2G	Autobusai	2G	09
665397	2-361	787	A>B	Santariškės–Laisvės pr.–Stotis	899	898.65997	-1.2	Naujamiestis	939.90002	4.5	Viršuliškės	924.20001	2G	Autobusai	2G	09
665397	2-361	787	A>B	Santariškės–Laisvės pr.–Stotis	1258	1257.77	-3.5	„Sparta“	1296.9	0.40000001	Ateities st.	1265.2	2G	Autobusai	2G	09
665374	2-1991	790	B>A	Stotis–Laisvės pr.–Santariškės	922	922.90002	0.69999999	„Sparta“	928.90002	5.0999999	Ateities st.	966.79999	2G	Autobusai	2G	10
665374	2-1991	790	A>B	Santariškės–Laisvės pr.–Stotis	975	976.54999	1.1	„Sparta“	1020.4	3.5999999	Mykolo Romerio universitetas	987	2G	Autobusai	2G	10
665184	2-2783	965	B1>A1	Vaidotai–Salininkai–Eišiškių pl.–Stotis	349	350	-3.0999999	Naujininkai	374.29999	2.7	Raisteliai	357.20001	3	Autobusai	3	01
665184	2-2783	965	B1>A1	Vaidotai–Salininkai–Eišiškių pl.–Stotis	535	535.95001	-14.3	Vėjo st.	520.70001	2.8	Salininkų žiedas	548.90002	3	Autobusai	3	01
665184	2-2783	965	B>A	Vaidotai–Salininkai–Dilgynė–Eišiškių pl.–Stotis	667	667.92999	-14.6	Vėjo st.	652.40002	1.9	Raisteliai	674.5	3	Autobusai	3	01
665184	2-2783	965	A1>B1	Stotis–Eišiškių pl.–Salininkai–Vaidotai	1173	1172.47	-3.2	Prūsų st.	1181.1	0.40000001	Stotis	1173.5	3	Autobusai	3	01
665202	2-2863	964	B>A	Šiaurės miestelis–Apkasų–Konstitucijos pr.–Pilaitė	644	644.04999	0.1	Povilo Lukšio st.	645.20001	5.1999998	Gilužio st.	679.59998	30	Autobusai	30	01
665202	2-2863	964	B>A	Šiaurės miestelis–Apkasų–Konstitucijos pr.–Pilaitė	723	722.96997	0.30000001	Povilo Lukšio st.	724.29999	3.9000001	Panorama	742.59998	30	Autobusai	30	01
665202	2-2863	964	B>A	Šiaurės miestelis–Apkasų–Konstitucijos pr.–Pilaitė	800	800.31	0.60000002	Povilo Lukšio st.	801.59998	6.4000001	Pilaitė	831.20001	30	Autobusai	30	01
665202	2-2863	964	A>B	Pilaitė–Konstitucijos pr.–Apkasų g.–Šiaurės miestelis	917	917.25	-3.0999999	Žvėrynas	931.5	1.9	Šiaurės miestelis	950.59998	30	Autobusai	30	01
665202	2-2863	964	B>A	Šiaurės miestelis–Apkasų–Konstitucijos pr.–Pilaitė	1143	1143.0601	0	Povilo Lukšio st.	1144.1	4.3000002	Piliakalnio st.	1169.4	30	Autobusai	30	01
665202	2-2863	964	A>B	Pilaitė–Konstitucijos pr.–Apkasų g.–Šiaurės miestelis	1178	1177.88	-3.8	Teodoro Narbuto st.	1189.3	0.30000001	Bitėnų st.	1179	30	Autobusai	30	01
665202	2-2863	964	A>B	Pilaitė–Konstitucijos pr.–Apkasų g.–Šiaurės miestelis	1344	1342.91	-3.2	Nacionalinė dailės galerija	1364.2	-0.2	Bitėnų st.	1344.5	30	Autobusai	30	01
665305	2-2034	798	A>B	Pilaitė–Konstitucijos pr.–Apkasų g.–Šiaurės miestelis	527	527.15997	-0.60000002	Nacionalinė dailės galerija	549.79999	3.5999999	Šiaurės miestelis	562.29999	30	Autobusai	30	02Ž
665305	2-2034	798	B>A	Šiaurės miestelis–Apkasų–Konstitucijos pr.–Pilaitė	676	676.57001	0.60000002	Šiaurės miestelis	679	4.4000001	Panorama	696.09998	30	Autobusai	30	02Ž
665305	2-2034	798	A>B	Pilaitė–Konstitucijos pr.–Apkasų g.–Šiaurės miestelis	713	714.71002	0.5	Panorama	732.90002	7.6999998	Šiaurės miestelis	752.40002	30	Autobusai	30	02Ž
665305	2-2034	798	B>A	Šiaurės miestelis–Apkasų–Konstitucijos pr.–Pilaitė	761	761.22998	0.2	Povilo Lukšio st.	762.40002	3.4000001	Gilužio st.	794.79999	30	Autobusai	30	02Ž
665305	2-2034	798	A>B	Pilaitė–Konstitucijos pr.–Apkasų g.–Šiaurės miestelis	804	804.28998	-1.7	Teodoro Narbuto st.	817.40002	3.8	Šiaurės miestelis	839.5	30	Autobusai	30	02Ž
665305	2-2034	798	B>A	Šiaurės miestelis–Apkasų–Konstitucijos pr.–Pilaitė	849	849.29999	0.60000002	Povilo Lukšio st.	850.5	4.1999998	Panorama	868.90002	30	Autobusai	30	02Ž
665437	2-10370	976	B>A	Šiaurės miestelis–Apkasų–Konstitucijos pr.–Pilaitė	619	618.88	-0.1	Šiaurės miestelis	621.09998	3.5	Panorama	638.20001	30	Autobusai	30	03
665437	2-10370	976	A>B	Pilaitė–Konstitucijos pr.–Apkasų g.–Šiaurės miestelis	663	662.41998	-0.60000002	Gilužio st.	664.40002	3.3	Šiaurės miestelis	698	30	Autobusai	30	03
665437	2-10370	976	B>A	Šiaurės miestelis–Apkasų–Konstitucijos pr.–Pilaitė	706	705.67999	-0.2	Šiaurės miestelis	708.09998	3.5	Gilužio st.	739.90002	30	Autobusai	30	03
665437	2-10370	976	A>B	Pilaitė–Konstitucijos pr.–Apkasų g.–Šiaurės miestelis	744	744.82001	0	Karaliaučiaus st.	748.20001	5.0999999	Šiaurės miestelis	780.79999	30	Autobusai	30	03
665437	2-10370	976	B>A	Šiaurės miestelis–Apkasų–Konstitucijos pr.–Pilaitė	821	820.89001	0.1	Povilo Lukšio st.	822.09998	8.6000004	Gilužio st.	860	30	Autobusai	30	03
665437	2-10370	976	B>A	Šiaurės miestelis–Apkasų–Konstitucijos pr.–Pilaitė	908	907.94	-0.1	Povilo Lukšio st.	909	3.5999999	Gilužio st.	942.09998	30	Autobusai	30	03
665437	2-10370	976	B>A	Šiaurės miestelis–Apkasų–Konstitucijos pr.–Pilaitė	989	988.82001	-0.30000001	Povilo Lukšio st.	989.70001	4.0999999	Panorama	1009	30	Autobusai	30	03
665204	2-395	741	A>B	Stotis–Pavilnys–Naujoji Vilnia	592	592.23999	-0.80000001	Grigaičiai	620.20001	3.3	Aušros vartai	599	31	Autobusai	31	01-Ž
665204	2-395	741	A>B	Stotis–Pavilnys–Naujoji Vilnia	803	804.69	1.5	Genių st.	835.90002	4.4000001	Gamtininkų st.	827.5	31	Autobusai	31	01-Ž
665204	2-395	741	A>B	Stotis–Pavilnys–Naujoji Vilnia	897	897.82001	1	Stotis	899	4.5	Gamtininkų st.	921.5	31	Autobusai	31	01-Ž
665204	2-395	741	A>B	Stotis–Pavilnys–Naujoji Vilnia	1194	1194.59	0.40000001	Stotis	1195.8	3.2	Gamtininkų st.	1217.3	31	Autobusai	31	01-Ž
665204	2-395	741	A>B	Stotis–Pavilnys–Naujoji Vilnia	1307	1307.39	0.30000001	Gervėčių st.	1313.8	3.7	Gamtininkų st.	1330.7	31	Autobusai	31	01-Ž
665290	2-3028	777	A>B	Stotis–Pavilnys–Naujoji Vilnia	556	556.42999	0.60000002	Stotis	557.70001	5.3000002	Linksmoji st.	598.09998	31	Autobusai	31	02
665290	2-3028	777	A>B	Stotis–Pavilnys–Naujoji Vilnia	679	678.66998	-0.1	Stotis	680	4.1999998	Rytų st.	718.70001	31	Autobusai	31	02
665290	2-3028	777	A>B	Stotis–Pavilnys–Naujoji Vilnia	776	778.84998	0.69999999	Grigaičiai	805.59998	4.1999998	Aušros vartai	783.79999	31	Autobusai	31	02
665290	2-3028	777	A>B	Stotis–Pavilnys–Naujoji Vilnia	873	873.71997	0.89999998	Stotis	874.90002	4.5	Gamtininkų st.	897.5	31	Autobusai	31	02
665290	2-3028	777	A>B	Stotis–Pavilnys–Naujoji Vilnia	1053	1053.09	0.1	Gervėčių st.	1059.6	3.5999999	Linksmoji st.	1093.5	31	Autobusai	31	02
665290	2-3028	777	A>B	Stotis–Pavilnys–Naujoji Vilnia	1166	1166.16	0.30000001	Stotis	1167.3	3.8	Gamtininkų st.	1189.8	31	Autobusai	31	02
665290	2-3028	777	A>B	Stotis–Pavilnys–Naujoji Vilnia	1280	1280.24	0.60000002	Stotis	1281.5	4.0999999	Gamtininkų st.	1304.1	31	Autobusai	31	02
665290	2-3028	777	A>B	Stotis–Pavilnys–Naujoji Vilnia	1367	1366.99	0.2	Gervėčių st.	1373.7	3.5	Rytų st.	1405.9	31	Autobusai	31	02
665179	2-2121	879	A>B	Stotis–Pavilnys–Naujoji Vilnia	317	318.51999	1.4	Gervėčių st.	324.89999	13.5	Alėja	353.60001	31	Autobusai	31	03
665355	2-705	57	B>A	Naujoji Vilnia–Pavilnys–Stotis	363	366.03	-1.1	Ribiškės	393.60001	3.0999999	Naujoji Vilnia	366.10001	31	Autobusai	31	03
665355	2-705	57	A>B	Stotis–Pavilnys–Naujoji Vilnia	617	617.56	0.89999998	Stotis	618.90002	4.4000001	Gamtininkų st.	641.40002	31	Autobusai	31	03
665355	2-705	57	B>A	Naujoji Vilnia–Pavilnys–Stotis	687	691.71997	-0.5	Ribiškės	718.09998	4.9000001	Linksmoji st.	693.09998	31	Autobusai	31	03
665373	2-2413	511	A>B	Stotis–Pavilnys–Naujoji Vilnia	433	433.29001	-0.2	Gervėčių st.	439.29999	3.0999999	Gamtininkų st.	456.20001	31	Autobusai	31	04
665373	2-2413	511	A>B	Stotis–Pavilnys–Naujoji Vilnia	528	528.26001	0.5	Stotis	530	3.5	Gamtininkų st.	551.5	31	Autobusai	31	04
665373	2-2413	511	A>B	Stotis–Pavilnys–Naujoji Vilnia	644	644.54999	0.2	Genių st.	675.5	3.7	Dunojaus st.	656.5	31	Autobusai	31	04
665373	2-2413	511	A>B	Stotis–Pavilnys–Naujoji Vilnia	1128	1129.0601	1.1	Gervėčių st.	1135.6	4.3000002	Gamtininkų st.	1152.3	31	Autobusai	31	04
665373	2-2413	511	A>B	Stotis–Pavilnys–Naujoji Vilnia	1256	1256.54	0.40000001	Gervėčių st.	1262.9	4.3000002	Gamtininkų st.	1280.4	31	Autobusai	31	04
665373	2-2413	511	A>B	Stotis–Pavilnys–Naujoji Vilnia	1383	1383.63	0.2	Gervėčių st.	1389.7	3.2	Gamtininkų st.	1406.2	31	Autobusai	31	04
665215	2-3003	968	B>A	Guriai–Sukilėlių–Rinktinės g.–Šiaurės miestelis	323	324.38	-3.4000001	Žygio st.	349.20001	1.1	Gurių sodai	325.29999	33	Autobusai	33	01-Ž
665215	2-3003	968	A>B	Šiaurės miestelis–Rinktinės–Sukilėlių g.–Guriai	363	365.10999	-4.6999998	Gurių sodai	392.89999	2.2	Povilo Lukšio st.	366.39999	33	Autobusai	33	01-Ž
665215	2-3003	968	B>A	Guriai–Sukilėlių–Rinktinės g.–Šiaurės miestelis	485	484.17999	-3.3	Ribiškės	491.5	-0.2	Užupio st.	500.89999	33	Autobusai	33	01-Ž
665215	2-3003	968	B>A	Guriai–Sukilėlių–Rinktinės g.–Šiaurės miestelis	786	785.53998	-4.3000002	Ribiškės	791.59998	1.2	Balstogės st.	799	33	Autobusai	33	01-Ž
665215	2-3003	968	A>B	Šiaurės miestelis–Rinktinės–Sukilėlių g.–Guriai	833	833.62	0.2	Arkikatedra	850.5	3.2	Dunojaus st.	861.5	33	Autobusai	33	01-Ž
665215	2-3003	968	A>B	Šiaurės miestelis–Rinktinės–Sukilėlių g.–Guriai	1005	1005.59	0.5	Žvejų st.	1019.6	3.4000001	Dunojaus st.	1033.6	33	Autobusai	33	01-Ž
665215	2-3003	968	B>A	Guriai–Sukilėlių–Rinktinės g.–Šiaurės miestelis	1046	1046.59	0.2	Ribiškės	1056.1	3.3	Žvejų st.	1071.3	33	Autobusai	33	01-Ž
665443	2-380	763	A>B	Šiaurės miestelis–Rinktinės–Sukilėlių g.–Guriai	507	517.32001	6	Gurių sodai	547.5	11	Jono Galvydžio st.	521.5	33	Autobusai	33	02
665443	2-380	763	A>B	Šiaurės miestelis–Rinktinės–Sukilėlių g.–Guriai	588	588.58002	0.1	Žvejų st.	602.09998	3.5	Dunojaus st.	616.79999	33	Autobusai	33	02
665511	2-10594	947	A>B	Šiaurės miestelis–Rinktinės–Sukilėlių g.–Guriai	800	799.94	-0.1	Arkikatedra	817.20001	3.0999999	Jono Galvydžio st.	806.59998	33	Autobusai	33	02
665511	2-10594	947	B>A	Guriai–Sukilėlių–Rinktinės g.–Šiaurės miestelis	922	921	-3.4000001	Ribiškės	928.40002	0.40000001	Žvejų st.	944.40002	33	Autobusai	33	02
665511	2-10594	947	B>A	Guriai–Sukilėlių–Rinktinės g.–Šiaurės miestelis	1003	1002.44	-1.9	Ribiškės	1011	10.2	Rinktinės st.	1037.7	33	Autobusai	33	02
665187	2-246	752	A>B	Stotis–Olandų g.–Baltupiai–Jeruzalės g.–Visoriai	427	427.07999	0.5	Stotis	429	3.5	Baltupiai	457.39999	34	Autobusai	34	01-Ž
665187	2-246	752	A>B	Stotis–Olandų g.–Baltupiai–Jeruzalės g.–Visoriai	784	784.79999	0.80000001	Stotis	786.20001	4.6999998	Jono Kazlausko st.	814.5	34	Autobusai	34	01-Ž
665187	2-246	752	A>B	Stotis–Olandų g.–Baltupiai–Jeruzalės g.–Visoriai	897	896.83002	-0.2	Mikalojaus Katkaus st.	914.29999	5.9000001	Didlaukio st.	932.40002	34	Autobusai	34	01-Ž
665187	2-246	752	A>B	Stotis–Olandų g.–Baltupiai–Jeruzalės g.–Visoriai	1002	1003.6	1.7	Stotis	1005	6.4000001	Baltupiai	1036.3	34	Autobusai	34	01-Ž
665187	2-246	752	A>B	Stotis–Olandų g.–Baltupiai–Jeruzalės g.–Visoriai	1332	1332.3101	-0.40000001	Mikalojaus Katkaus st.	1348.9	3.4000001	Didlaukio st.	1363.9	34	Autobusai	34	01-Ž
665213	2-1951	794	A>B	Stotis–Olandų g.–Baltupiai–Jeruzalės g.–Visoriai	810	809.53003	-0.40000001	Stotis	810.70001	4.0999999	Jono Kairiūkščio st.	857.40002	34	Autobusai	34	02
665213	2-1951	794	B>A	Visoriai–Jeruzalės g.–Baltupiai–Olandų g.–Stotis	864	863.96002	-0.1	Jono Kairiūkščio st.	865.90002	3.5999999	Aušros vartai	908.59998	34	Autobusai	34	02
665213	2-1951	794	A>B	Stotis–Olandų g.–Baltupiai–Jeruzalės g.–Visoriai	919	918.75	0.30000001	Stotis	920.79999	5.0999999	Pramogų arena	948	34	Autobusai	34	02
665213	2-1951	794	B>A	Visoriai–Jeruzalės g.–Baltupiai–Olandų g.–Stotis	1095	1094.97	-0.89999998	Rugių st.	1105.7	4.1999998	Trimitų st.	1125.7	34	Autobusai	34	02
665213	2-1951	794	A>B	Stotis–Olandų g.–Baltupiai–Jeruzalės g.–Visoriai	1272	1272.39	0.40000001	Akademijos st.	1313.5	3.5999999	Jono Kazlausko st.	1300.4	34	Autobusai	34	02
665368	2-1353	937	A>B	Stotis–Olandų g.–Baltupiai–Jeruzalės g.–Visoriai	492	495.04001	-0.30000001	Akademijos st.	532.79999	4.5	Subačiaus st.	502	34	Autobusai	34	03
665368	2-1353	937	A>B	Stotis–Olandų g.–Baltupiai–Jeruzalės g.–Visoriai	859	859.28998	0.5	Stotis	860.5	3.5999999	Baltupiai	890.5	34	Autobusai	34	03
665368	2-1353	937	A>B	Stotis–Olandų g.–Baltupiai–Jeruzalės g.–Visoriai	962	962.57001	0.80000001	Stotis	964.09998	4.5999999	Tauragnų st.	988.40002	34	Autobusai	34	03
665417	2-10482	826	A>B	Stotis–Olandų g.–Baltupiai–Jeruzalės g.–Visoriai	516	517.54999	0.80000001	Ateities st.	550.09998	4.4000001	„Audėjas“	528.5	34	Autobusai	34	04
665417	2-10482	826	A>B	Stotis–Olandų g.–Baltupiai–Jeruzalės g.–Visoriai	614	614.15002	0.40000001	Stotis	615.40002	5.9000001	Didlaukio st.	649.40002	34	Autobusai	34	04
665417	2-10482	826	B>A	Visoriai–Jeruzalės g.–Baltupiai–Olandų g.–Stotis	662	664.04999	-0.1	Krivių st.	697	3.5	Aušros vartai	706.59998	34	Autobusai	34	04
665417	2-10482	826	B>A	Visoriai–Jeruzalės g.–Baltupiai–Olandų g.–Stotis	787	786.88	-4.0999999	Krivių st.	818	-0.40000001	Jono Kairiūkščio st.	788.5	34	Autobusai	34	04
665417	2-10482	826	B>A	Visoriai–Jeruzalės g.–Baltupiai–Olandų g.–Stotis	929	929.33002	-0.2	Jono Kairiūkščio st.	930.70001	3.2	Aušros vartai	973.29999	34	Autobusai	34	04
665417	2-10482	826	A>B	Stotis–Olandų g.–Baltupiai–Jeruzalės g.–Visoriai	979	979.60999	0.69999999	Stotis	981	5.8000002	Kalvarijos	1021.1	34	Autobusai	34	04
665417	2-10482	826	B>A	Visoriai–Jeruzalės g.–Baltupiai–Olandų g.–Stotis	1028	1029.71	1.7	Jono Kairiūkščio st.	1031.8	4.8000002	Aušros vartai	1073.8	34	Autobusai	34	04
665216	2-227	956	A>B1	Žalgirio g.–Ožkiniai	868	869.84998	1.3	Petro Baublio st.	885.70001	3.2	Kalvarijos	881.59998	35	Autobusai	35	01
665216	2-227	956	A>B	Žalgirio g.–Kalvarijų g.–Naujieji Verkiai–Ožkiniai	1073	1073.6	0.5	Žalgirio st.	1073.6	4.6999998	Kremplių st.	1101.4	35	Autobusai	35	01
665216	2-227	956	A>B	Žalgirio g.–Kalvarijų g.–Naujieji Verkiai–Ožkiniai	1276	1276.6899	-0.60000002	Ožkiniai	1310.7	3.5999999	Kalvarijos	1290.1	35	Autobusai	35	01
665352	2-2977	781	B>A	Ožkiniai–Naujieji Verkiai–Kalvarijų g.–Žalgirio g.	546	546.08002	-3.8	Pramogų arena	578.40002	-0.1	Ožkiniai	547.20001	35	Autobusai	35	02-ž
665352	2-2977	781	B>A	Ožkiniai–Naujieji Verkiai–Kalvarijų g.–Žalgirio g.	684	683.78003	-3.7	Jono Kazlausko st.	714.5	-0.40000001	Ožkiniai	684.79999	35	Autobusai	35	02-ž
665352	2-2977	781	A>B1	Žalgirio g.–Ožkiniai	736	736.59003	0.80000001	Ožkiniai	766.09998	4	Jeruzalė	751.70001	35	Autobusai	35	02-ž
665352	2-2977	781	B>A	Ožkiniai–Naujieji Verkiai–Kalvarijų g.–Žalgirio g.	773	773.59998	-4.3000002	Jono Kazlausko st.	802.90002	0.30000001	Ožkiniai	774.5	35	Autobusai	35	02-ž
665352	2-2977	781	A>B1	Žalgirio g.–Ožkiniai	911	911.64001	0.80000001	Žalgirio st.	911.90002	3.7	Seminarija	924.29999	35	Autobusai	35	02-ž
665352	2-2977	781	A>B1	Žalgirio g.–Ožkiniai	995	996.15002	1.2	Žalgirio st.	996.20001	3.4000001	Pramogų arena	1001.8	35	Autobusai	35	02-ž
665352	2-2977	781	A>B	Žalgirio g.–Kalvarijų g.–Naujieji Verkiai–Ožkiniai	1217	1219.0699	2.0999999	Žalgirio st.	1219.2	5.1999998	Kalvarijos	1232.7	35	Autobusai	35	02-ž
665245	2-2676	954	B>A	Pagubė–Naujaneriai–Balsiai–Kalvarijų–Žalgirio g.	369	371.16	-1.2	Jono Kazlausko st.	405.29999	3.2	Krakiškės	381.10001	36	Autobusai	36	01
665245	2-2676	954	B>A	Pagubė–Naujaneriai–Balsiai–Kalvarijų–Žalgirio g.	476	478.94	-1.5	Jono Kazlausko st.	511.89999	3.2	Krakiškės	488	36	Autobusai	36	01
665245	2-2676	954	A>B	Žalgirio–Kalvarijų g.–Balsiai–Naujaneriai–Pagubė	654	655.63	-0.30000001	Gulbinų st.	693.5	3.9000001	Kalvarijos	669.29999	36	Autobusai	36	01
665245	2-2676	954	B>A	Pagubė–Naujaneriai–Balsiai–Kalvarijų–Žalgirio g.	705	707.53003	-0.89999998	Jono Kazlausko st.	741.5	3.0999999	Krakiškės	716.90002	36	Autobusai	36	01
665245	2-2676	954	A>B	Žalgirio–Kalvarijų g.–Balsiai–Naujaneriai–Pagubė	756	759.07001	-0.60000002	Gulbinų st.	795.29999	4.5	Kalvarijos	771.79999	36	Autobusai	36	01
665245	2-2676	954	A>B	Žalgirio–Kalvarijų g.–Balsiai–Naujaneriai–Pagubė	860	861.84998	-0.5	Gulbinų st.	899.40002	3.0999999	Pramogų arena	866.5	36	Autobusai	36	01
665245	2-2676	954	A>B	Žalgirio–Kalvarijų g.–Balsiai–Naujaneriai–Pagubė	970	971.75	0.40000001	Gulbinų st.	1010.4	4.6999998	Pramogų arena	978.09998	36	Autobusai	36	01
665245	2-2676	954	B>A	Pagubė–Naujaneriai–Balsiai–Kalvarijų–Žalgirio g.	1017	1017.68	-3.0999999	Giedraičių st.	1056	1.9	Krakiškės	1027.7	36	Autobusai	36	01
665245	2-2676	954	A>B	Žalgirio–Kalvarijų g.–Balsiai–Naujaneriai–Pagubė	1197	1198.66	0.2	Gulbinų st.	1237	3.2	Žaliųjų Ežerų st.	1214.6	36	Autobusai	36	01
665341	2-2288	953	B>A	Pagubė–Naujaneriai–Balsiai–Kalvarijų–Žalgirio g.	748	747.39001	-3.4000001	Jono Kazlausko st.	782	0.80000001	Krakiškės	757.59998	36	Autobusai	36	02
665341	2-2288	953	B>A	Pagubė–Naujaneriai–Balsiai–Kalvarijų–Žalgirio g.	846	845.51001	-4.5	Giedraičių st.	883.70001	1	Kryžiokai	856.90002	36	Autobusai	36	02
665341	2-2288	953	A>B	Žalgirio–Kalvarijų g.–Balsiai–Naujaneriai–Pagubė	902	903.52002	1.6	Gulbinų st.	943.5	3.4000001	Žaliųjų Ežerų st.	919.79999	36	Autobusai	36	02
665341	2-2288	953	A>B	Žalgirio–Kalvarijų g.–Balsiai–Naujaneriai–Pagubė	1006	1007.63	1.7	Žalgirio st.	1007.7	5.6999998	Ragučio st.	1037.5	36	Autobusai	36	02
665341	2-2288	953	A>B	Žalgirio–Kalvarijų g.–Balsiai–Naujaneriai–Pagubė	1232	1233.28	0.80000001	Petro Baublio st.	1250	3.4000001	Pramogų arena	1238.8	36	Autobusai	36	02
665295	2-710	858	A>B	Kalvarijų g.–Tuskulėnų g.–Olandų g.–Rokantiškės	296	320.64001	16	Šilo st.	332.60001	24.4	Tuskulėnai	324.10001	37	Autobusai	37	01
665295	2-710	858	B>A	Rokantiškės–Olandų g.–Šeimyniškių g.–Kalvarijų g.	329	335.01001	2.7	Šeimyniškių st.	351	5.9000001	Lyglaukiai	336.79999	37	Autobusai	37	01
665295	2-710	858	A>B	Kalvarijų g.–Tuskulėnų g.–Olandų g.–Rokantiškės	354	357.75	1.5	Polocko st.	367.20001	3.9000001	Trimitų st.	357.89999	37	Autobusai	37	01
665295	2-710	858	B>A	Rokantiškės–Olandų g.–Šeimyniškių g.–Kalvarijų g.	387	388.87	1.7	Rokantiškės	388.79999	7.5999999	Kalvarijų turgus	416.20001	37	Autobusai	37	01
665295	2-710	858	A>B	Kalvarijų g.–Tuskulėnų g.–Olandų g.–Rokantiškės	411	420.04999	6.5999999	Mildos st.	435.60001	9.1999998	Trimitų st.	420.29999	37	Autobusai	37	01
665295	2-710	858	B>A	Rokantiškės–Olandų g.–Šeimyniškių g.–Kalvarijų g.	444	446.76001	-0.40000001	Šeimyniškių st.	464	3.2	Mildos st.	452.20001	37	Autobusai	37	01
665295	2-710	858	A>B	Kalvarijų g.–Tuskulėnų g.–Olandų g.–Rokantiškės	469	472.87	0.1	Mildos st.	487.10001	4.3000002	Trimitų st.	473.5	37	Autobusai	37	01
665295	2-710	858	B>A	Rokantiškės–Olandų g.–Šeimyniškių g.–Kalvarijų g.	502	506.56	3.2	Šeimyniškių st.	526.20001	5.5	Kalvarijų turgus	531.59998	37	Autobusai	37	01
665295	2-710	858	A>B	Kalvarijų g.–Tuskulėnų g.–Olandų g.–Rokantiškės	528	534.56	4.6999998	Polocko st.	544.29999	6.6999998	Trimitų st.	534.70001	37	Autobusai	37	01
665295	2-710	858	B>A	Rokantiškės–Olandų g.–Šeimyniškių g.–Kalvarijų g.	601	602.48999	1.5	Lyglaukiai	604.29999	6.3000002	Kalvarijų turgus	629.5	37	Autobusai	37	01
665295	2-710	858	A>B	Kalvarijų g.–Tuskulėnų g.–Olandų g.–Rokantiškės	626	633.82001	6.0999999	Mildos st.	650.09998	7.6999998	Trimitų st.	633.70001	37	Autobusai	37	01
665295	2-710	858	B>A	Rokantiškės–Olandų g.–Šeimyniškių g.–Kalvarijų g.	659	660.42999	1.4	Rokantiškės	660.5	5.4000001	Kalvarijų turgus	686.59998	37	Autobusai	37	01
665295	2-710	858	A>B	Kalvarijų g.–Tuskulėnų g.–Olandų g.–Rokantiškės	683	690.47998	6.3000002	Krivių st.	698	7.5999999	Trimitų st.	690.59998	37	Autobusai	37	01
665295	2-710	858	B>A	Rokantiškės–Olandų g.–Šeimyniškių g.–Kalvarijų g.	716	717.41998	1.4	Rokantiškės	717.40002	4.1999998	Kalvarijų turgus	742.40002	37	Autobusai	37	01
665295	2-710	858	A>B	Kalvarijų g.–Tuskulėnų g.–Olandų g.–Rokantiškės	740	746.76001	6.1999998	Mildos st.	763.40002	7.4000001	Lyglaukiai	767.70001	37	Autobusai	37	01
665295	2-710	858	A>B	Kalvarijų g.–Tuskulėnų g.–Olandų g.–Rokantiškės	797	800.40997	0.2	Mildos st.	815.20001	3.3	Trimitų st.	800.29999	37	Autobusai	37	01
665295	2-710	858	B>A	Rokantiškės–Olandų g.–Šeimyniškių g.–Kalvarijų g.	888	888.53998	0.1	Šeimyniškių st.	907	3.0999999	Kalvarijų turgus	912.79999	37	Autobusai	37	01
665295	2-710	858	A>B	Kalvarijų g.–Tuskulėnų g.–Olandų g.–Rokantiškės	912	916.48999	0.5	Mildos st.	930.40002	4.5999999	Trimitų st.	916.59998	37	Autobusai	37	01
665527	2-3058	500	B>A	Rokantiškės–Olandų g.–Šeimyniškių g.–Kalvarijų g.	1221	1233.11	6	„Žalgirio“ stadionas	1245.1	11.9	Lyglaukiai	1234.5	37	Autobusai	37	01
665527	2-3058	500	A>B	Kalvarijų g.–Tuskulėnų g.–Olandų g.–Rokantiškės	1243	1250.97	1.6	Šaudykla	1262.5	8.3999996	Trimitų st.	1251.9	37	Autobusai	37	01
665295	2-710	858	B>A	Rokantiškės–Olandų g.–Šeimyniškių g.–Kalvarijų g.	1221	1252.42	30.799999	Rokantiškės	1251.8	34.599998	Šaudykla	1262.8	37	Autobusai	37	01
665189	2-320	793	A>B	Antakalnis–Dvarčionys–Šilėnų g.	408	410.84	0.2	Žemoji Veržuva	430.39999	3.3	Antakalnio žiedas	411.5	38	Autobusai	38	01
665189	2-320	793	A>B	Antakalnis–Dvarčionys–Šilėnų g.	619	622.07001	0.1	Žemoji Veržuva	641.29999	3.5	Antakalnio žiedas	622.59998	38	Autobusai	38	01
665189	2-320	793	B>A	Šilėnų g.–Dvarčionys–Antakalnis	838	838.89001	0.69999999	Aukštoji Veržuva	838.70001	3.4000001	Vilniaus universitetas	859	38	Autobusai	38	01
665189	2-320	793	B>A	Šilėnų g.–Dvarčionys–Antakalnis	960	960.17999	0	Aukštoji Veržuva	960.09998	3.3	Vilniaus universitetas	981	38	Autobusai	38	01
665189	2-320	793	B>A	Šilėnų g.–Dvarčionys–Antakalnis	1320	1320.48	0.2	Aukštoji Veržuva	1320.3	3.2	Kairėnai	1328.2	38	Autobusai	38	01
665189	2-320	793	B>A	Šilėnų g.–Dvarčionys–Antakalnis	1381	1381.35	0	Aukštoji Veržuva	1381	3.8	Aukštagiris	1398.6	38	Autobusai	38	01
665255	2-2994	776	A>B	Fabijoniškės–Centras–Oro uostas	325	326.19	-1	Mikalojaus Konstantino Čiurlionio st.	352.39999	3.2	Šeškinė	337.79999	3G	Autobusai	3G	01-ž
665255	2-2994	776	B>A	Oro uostas–Centras–Fabijoniškės	787	787.33002	-0.89999998	Naujininkai	793.5	3.5999999	Gedvydžių st.	831	3G	Autobusai	3G	01-ž
665255	2-2994	776	A>B	Fabijoniškės–Centras–Oro uostas	945	946.13	-4.0999999	Taraso Ševčenkos st.	976	0.69999999	Fabijoniškių žiedas	946.29999	3G	Autobusai	3G	01-ž
665255	2-2994	776	B>A	Oro uostas–Centras–Fabijoniškės	994	993.72998	-3.8	Lietuvos sąjūdžio kelias	1018.7	-0.5	Dariaus ir Girėno st.	995.70001	3G	Autobusai	3G	01-ž
665255	2-2994	776	A>B	Fabijoniškės–Centras–Oro uostas	1050	1049.9	-0.1	Gedvydžių st.	1052	4.5	Dariaus ir Girėno st.	1096.7	3G	Autobusai	3G	01-ž
665255	2-2994	776	B>A	Oro uostas–Centras–Fabijoniškės	1099	1103.38	0.69999999	Lietuvos sąjūdžio kelias	1128.1	4.0999999	Dariaus ir Girėno st.	1105.4	3G	Autobusai	3G	01-ž
665255	2-2994	776	A>B	Fabijoniškės–Centras–Oro uostas	1172	1173.77	-0.30000001	Taraso Ševčenkos st.	1205.8	3.9000001	Dariaus ir Girėno st.	1217.2	3G	Autobusai	3G	01-ž
665255	2-2994	776	B>A	Oro uostas–Centras–Fabijoniškės	1315	1320.9301	3.0999999	Igno Šeiniaus st.	1349.9	5.1999998	Dariaus ir Girėno st.	1322.4	3G	Autobusai	3G	01-ž
665468	2-73	481	A>B	Fabijoniškės–Centras–Oro uostas	655	655.79999	-5	Taraso Ševčenkos st.	685	0.80000001	Takas	659.29999	3G	Autobusai	3G	02
665301	2-2956	700	A>B	Fabijoniškės–Centras–Oro uostas	1074	1075.1899	0.5	Taraso Ševčenkos st.	1109.5	3.3	Dariaus ir Girėno st.	1119.5	3G	Autobusai	3G	03
665301	2-2956	700	A>B	Fabijoniškės–Centras–Oro uostas	1292	1293.6801	0.1	Mikalojaus Konstantino Čiurlionio st.	1322.9	4.1999998	Šeškinės poliklinika	1305.4	3G	Autobusai	3G	03
665483	2-1614	528	A>B	Fabijoniškės–Centras–Oro uostas	586	585.64001	-3.4000001	Taraso Ševčenkos st.	617.59998	-0.2	Takas	589.29999	3G	Autobusai	3G	04
665483	2-1614	528	B>A	Oro uostas–Centras–Fabijoniškės	732	732.34998	-3.4000001	Lietuvos sąjūdžio kelias	757	0.60000002	Dariaus ir Girėno st.	734.90002	3G	Autobusai	3G	04
665483	2-1614	528	A>B	Fabijoniškės–Centras–Oro uostas	1039	1039.2	-1.1	Europos aikštė	1058.7	3.4000001	Juozo Tumo-Vaižganto st.	1071.4	3G	Autobusai	3G	04
665483	2-1614	528	B>A	Oro uostas–Centras–Fabijoniškės	1088	1089.28	-3.4000001	Jurgio Baltrušaičio st.	1122	0.89999998	Žaliasis tiltas	1109.9	3G	Autobusai	3G	04
665194	2-2320	512	A>B	Fabijoniškės–Centras–Oro uostas	1209	1211.4301	-3	Taraso Ševčenkos st.	1240	3.5999999	Takas	1215.1	3G	Autobusai	3G	05-ž
665194	2-2320	512	A>B	Fabijoniškės–Centras–Oro uostas	1304	1307.65	1.6	Mikalojaus Konstantino Čiurlionio st.	1336.3	5.5999999	Šeškinės poliklinika	1318.8	3G	Autobusai	3G	05-ž
665272	2-10682	4008	A>B	Fabijoniškės–Centras–Oro uostas	827	827.82001	0.69999999	Gedvydžių st.	830	3.3	Dariaus ir Girėno st.	872.5	3G	Autobusai	3G	06-D
665272	2-10682	4008	A>B	Fabijoniškės–Centras–Oro uostas	929	933.91998	0.30000001	Taraso Ševčenkos st.	964.29999	4.5	Fabijoniškių žiedas	934.09998	3G	Autobusai	3G	06-D
665272	2-10682	4008	B>A	Oro uostas–Centras–Fabijoniškės	978	980.65997	1.9	Naujininkai	987.29999	4.8000002	Gedvydžių st.	1023.3	3G	Autobusai	3G	06-D
665272	2-10682	4008	B>A	Oro uostas–Centras–Fabijoniškės	1078	1078.91	-1.7	Taraso Ševčenkos st.	1088.8	5.5	Žaliasis tiltas	1104.5	3G	Autobusai	3G	06-D
665272	2-10682	4008	A>B	Fabijoniškės–Centras–Oro uostas	1350	1353.34	1.4	Mikalojaus Konstantino Čiurlionio st.	1379.7	4.4000001	Lietuvos sąjūdžio kelias	1367.4	3G	Autobusai	3G	06-D
665504	2-2021	995	B>A	Oro uostas–Centras–Fabijoniškės	1043	1043.88	-3.2	Europos aikštė	1065.9	0.1	Dariaus ir Girėno st.	1045.4	3G	Autobusai	3G	07
665504	2-2021	995	A>B	Fabijoniškės–Centras–Oro uostas	1119	1119.8101	-3.3	Taraso Ševčenkos st.	1150.8	0.40000001	Fabijoniškių žiedas	1120	3G	Autobusai	3G	07
665504	2-2021	995	A>B	Fabijoniškės–Centras–Oro uostas	1319	1318.47	-3.3	Mikalojaus Konstantino Čiurlionio st.	1344.1	1	Lietuvos sąjūdžio kelias	1333	3G	Autobusai	3G	07
665361	2-239	703	B>A	Oro uostas–Centras–Fabijoniškės	625	625.87	-0.1	Naujininkai	632.29999	3.7	Gedvydžių st.	669.09998	3G	Autobusai	3G	08
665361	2-239	703	A>B	Fabijoniškės–Centras–Oro uostas	1008	1011	2.8	Šeškinė	1024.2	5.8000002	Dariaus ir Girėno st.	1056	3G	Autobusai	3G	08
665361	2-239	703	B>A	Oro uostas–Centras–Fabijoniškės	1057	1059.99	2	Naujininkai	1066.5	3.9000001	Žaliasis tiltas	1081.9	3G	Autobusai	3G	08
665361	2-239	703	A>B	Fabijoniškės–Centras–Oro uostas	1134	1136.84	1.3	Taraso Ševčenkos st.	1170.3	3.7	Dariaus ir Girėno st.	1179.9	3G	Autobusai	3G	08
665361	2-239	703	A>B	Fabijoniškės–Centras–Oro uostas	1235	1238.02	0.69999999	Taraso Ševčenkos st.	1269.7	4.5	Šeškinės poliklinika	1250	3G	Autobusai	3G	08
665361	2-239	703	A>B	Fabijoniškės–Centras–Oro uostas	1333	1335.3	2.3	Mikalojaus Konstantino Čiurlionio st.	1363.6	5.4000001	Lietuvos sąjūdžio kelias	1351.4	3G	Autobusai	3G	08
665395	2-2368	522	A>B	Fabijoniškės–Centras–Oro uostas	1372	1373.08	1.1	Fabijoniškių žiedas	1373.7	4.5	Lietuvos sąjūdžio kelias	1388.5	3G	Autobusai	3G	09
665395	2-2368	522	B>A	Oro uostas–Centras–Fabijoniškės	1408	1416.3199	5.0999999	Takas	1446.9	7.3000002	Dariaus ir Girėno st.	1417.7	3G	Autobusai	3G	09
665499	2-3179	475	A>B	Fabijoniškės–Centras–Oro uostas	953	953.10999	-0.2	Igno Šeiniaus st.	962.40002	3.8	Dariaus ir Girėno st.	999	3G	Autobusai	3G	10
665499	2-3179	475	A>B	Fabijoniškės–Centras–Oro uostas	1062	1061.86	-0.2	Gedvydžių st.	1064	3.4000001	Dariaus ir Girėno st.	1107.6	3G	Autobusai	3G	10
665364	2-1896	717	B>A	Kirtimai–Rodūnios kelias–Stotis	595	595.90002	0.40000001	Paštas	603.40002	3.0999999	Dariaus ir Girėno st.	611	4	Autobusai	4	01
665364	2-1896	717	A>B	Stotis–Rodūnios kelias–Kirtimai	623	625.07001	1.9	Prūsų st.	632.90002	5.1999998	Paštas	646.20001	4	Autobusai	4	01
665364	2-1896	717	A>B	Stotis–Rodūnios kelias–Kirtimai	688	689.39001	0.69999999	„Sparta“	695	3.9000001	Paštas	709.90002	4	Autobusai	4	01
665364	2-1896	717	A>B	Stotis–Rodūnios kelias–Kirtimai	748	748.64001	0.60000002	Aguonų st.	752.79999	5.0999999	Rodūnios kelias	772.79999	4	Autobusai	4	01
665364	2-1896	717	A>B	Stotis–Rodūnios kelias–Kirtimai	814	815.95001	2	Aguonų st.	820.29999	5.4000001	Paštas	837.40002	4	Autobusai	4	01
665316	2-362	9319	A>B	Fabijoniškės–S.Stanevičiaus g.–Centras	812	814.92999	1.9	Alberto Goštauto st.	841.29999	4.3000002	Sporto gimnazija	821	40	Autobusai	40	01-Ž
665316	2-362	9319	B>A	Centras–S.Stanevičiaus g.–Fabijoniškės	843	843.01001	-4.1999998	Pamiškė	855	-0.2	Gynėjų st.	843.90002	40	Autobusai	40	01-Ž
665316	2-362	9319	A>B	Fabijoniškės–S.Stanevičiaus g.–Centras	1102	1102.88	1.3	Mykolo Lietuvio st.	1103.3	4.0999999	Sporto gimnazija	1110.8	40	Autobusai	40	01-Ž
665316	2-362	9319	B>A	Centras–S.Stanevičiaus g.–Fabijoniškės	1133	1136.53	1.2	Pamiškė	1150.5	3.5999999	Studentų st.	1139.2	40	Autobusai	40	01-Ž
665316	2-362	9319	B>A	Centras–S.Stanevičiaus g.–Fabijoniškės	1317	1316.42	-3.2	Liudo Giros st.	1330.5	-0.69999999	Gynėjų st.	1317.4	40	Autobusai	40	01-Ž
665338	2-10644	9314	B>A	Centras–S.Stanevičiaus g.–Fabijoniškės	794	795.27002	0.89999998	Pamiškė	811.09998	3.2	Liudviko Zamenhofo st.	820.09998	40	Autobusai	40	02
665338	2-10644	9314	A>B	Fabijoniškės–S.Stanevičiaus g.–Centras	834	833.57001	-0.1	Alberto Goštauto st.	861.40002	3.3	Sporto gimnazija	841.90002	40	Autobusai	40	02
665486	2-1386	9316	B>A	Centras–S.Stanevičiaus g.–Fabijoniškės	605	604.28003	-3.8	Pamiškė	617.40002	-0.89999998	Gynėjų st.	605.20001	40	Autobusai	40	03
665506	2-1571	9306	B>A	Centras–S.Stanevičiaus g.–Fabijoniškės	853	852.03003	-3.3	Pamiškė	866	-1	Gynėjų st.	853.09998	40	Autobusai	40	03
665506	2-1571	9306	B>A	Centras–S.Stanevičiaus g.–Fabijoniškės	917	916.63	-4	Pamiškė	929.20001	-0.5	Gynėjų st.	917.5	40	Autobusai	40	03
665506	2-1571	9306	A>B	Fabijoniškės–S.Stanevičiaus g.–Centras	952	950.13	-3.8	Šeškinė	969.5	-0.40000001	Takas	954.5	40	Autobusai	40	03
665506	2-1571	9306	B>A	Centras–S.Stanevičiaus g.–Fabijoniškės	1051	1050.28	-3.2	Liudo Giros st.	1065.5	-0.80000001	Gynėjų st.	1051.3	40	Autobusai	40	03
665354	2-1222	9301	A>B	Fabijoniškės–S.Stanevičiaus g.–Centras	728	729.04999	-0.1	Alberto Goštauto st.	755.40002	3.8	Sporto gimnazija	736.40002	40	Autobusai	40	04
665354	2-1222	9301	A>B	Fabijoniškės–S.Stanevičiaus g.–Centras	792	794.04999	0.89999998	Alberto Goštauto st.	820.29999	3.5999999	Šeškinės kalvos	813.09998	40	Autobusai	40	04
665354	2-1222	9301	B>A	Centras–S.Stanevičiaus g.–Fabijoniškės	823	822.32001	-1.6	Šeškinė	827.70001	3.9000001	Liudviko Zamenhofo st.	849.79999	40	Autobusai	40	04
665354	2-1222	9301	B>A	Centras–S.Stanevičiaus g.–Fabijoniškės	887	888.76001	1.6	Studentų st.	891.29999	4.8000002	Liudviko Zamenhofo st.	914.70001	40	Autobusai	40	04
665354	2-1222	9301	B>A	Centras–S.Stanevičiaus g.–Fabijoniškės	951	952.96002	1	Pamiškė	968.09998	3.5999999	Liudviko Zamenhofo st.	977.5	40	Autobusai	40	04
665354	2-1222	9301	B>A	Centras–S.Stanevičiaus g.–Fabijoniškės	1016	1018.83	2.9000001	Vašingtono aikštė	1019	8.1999998	Liudviko Zamenhofo st.	1047.1	40	Autobusai	40	04
665354	2-1222	9301	A>B	Fabijoniškės–S.Stanevičiaus g.–Centras	1145	1144.13	-0.80000001	Mykolo Lietuvio st.	1144.4	3.4000001	Saltoniškės	1171.6	40	Autobusai	40	04
665354	2-1222	9301	B>A	Centras–S.Stanevičiaus g.–Fabijoniškės	1176	1178.73	2.3	Pamiškė	1194.4	3.9000001	Jovaro st.	1192.2	40	Autobusai	40	04
665354	2-1222	9301	A>B	Fabijoniškės–S.Stanevičiaus g.–Centras	1269	1269.65	0.89999998	Mykolo Lietuvio st.	1270	4.3000002	Saltoniškės	1294.5	40	Autobusai	40	04
665354	2-1222	9301	B>A	Centras–S.Stanevičiaus g.–Fabijoniškės	1297	1301.66	4.0999999	Pamiškė	1316.3	6.0999999	Liudviko Zamenhofo st.	1325	40	Autobusai	40	04
665354	2-1222	9301	A>B	Fabijoniškės–S.Stanevičiaus g.–Centras	1329	1332.42	2.9000001	Šeškinė	1351.8	5.1999998	Sporto gimnazija	1338.9	40	Autobusai	40	04
665354	2-1222	9301	B>A	Centras–S.Stanevičiaus g.–Fabijoniškės	1357	1360.25	0.80000001	Sporto gimnazija	1376.7	3.2	Gynėjų st.	1361.3	40	Autobusai	40	04
665356	2-421	9317	A>B	Fabijoniškės–S.Stanevičiaus g.–Centras	602	602.13	0.40000001	Mykolo Lietuvio st.	602.5	5.5	Šeškinės kalvos	625	40	Autobusai	40	05
665356	2-421	9317	B>A	Centras–S.Stanevičiaus g.–Fabijoniškės	633	636.88	0.5	Pamiškė	649.70001	4.3000002	Studentų st.	639.90002	40	Autobusai	40	05
665356	2-421	9317	A>B	Fabijoniškės–S.Stanevičiaus g.–Centras	738	740.22998	2.4000001	Mykolo Lietuvio st.	740.59998	5.5	Šeškinės kalvos	760.90002	40	Autobusai	40	05
665356	2-421	9317	B>A	Centras–S.Stanevičiaus g.–Fabijoniškės	769	772.75	1.7	Takas	792.40002	4.1999998	Jovaro st.	785.5	40	Autobusai	40	05
665356	2-421	9317	A>B	Fabijoniškės–S.Stanevičiaus g.–Centras	802	802.66998	1.1	Mykolo Lietuvio st.	803.20001	3.5	Šeškinės kalvos	823	40	Autobusai	40	05
665356	2-421	9317	B>A	Centras–S.Stanevičiaus g.–Fabijoniškės	833	834.82001	-1.6	Pamiškė	847.5	3.5	Liudviko Zamenhofo st.	859.40002	40	Autobusai	40	05
665356	2-421	9317	B>A	Centras–S.Stanevičiaus g.–Fabijoniškės	897	900.57001	2.3	Pamiškė	915.5	5.5	Liudviko Zamenhofo st.	926	40	Autobusai	40	05
665356	2-421	9317	A>B	Fabijoniškės–S.Stanevičiaus g.–Centras	931	932.22998	-0.80000001	Šeškinė	951.5	4.4000001	Sporto gimnazija	940	40	Autobusai	40	05
665356	2-421	9317	B>A	Centras–S.Stanevičiaus g.–Fabijoniškės	962	960.71002	-3.9000001	Liudo Giros st.	975.90002	-0.80000001	Liudviko Zamenhofo st.	984.09998	40	Autobusai	40	05
665356	2-421	9317	A>B	Fabijoniškės–S.Stanevičiaus g.–Centras	1179	1178.67	-0.2	Mykolo Lietuvio st.	1179	3.0999999	Sporto gimnazija	1186.8	40	Autobusai	40	05
665356	2-421	9317	B>A	Centras–S.Stanevičiaus g.–Fabijoniškės	1335	1334.4301	-3.3	Takas	1352.4	-0.80000001	Studentų st.	1336.8	40	Autobusai	40	05
665496	2-1476	9305	A>B	Fabijoniškės–S.Stanevičiaus g.–Centras	652	652.27002	-0.1	Alberto Goštauto st.	679.5	3.0999999	Sporto gimnazija	659.70001	40	Autobusai	40	06
665496	2-1476	9305	A>B	Fabijoniškės–S.Stanevičiaus g.–Centras	780	780.83002	1.2	Mykolo Lietuvio st.	781.20001	4.5	Šeškinės kalvos	801	40	Autobusai	40	06
665496	2-1476	9305	B>A	Centras–S.Stanevičiaus g.–Fabijoniškės	809	812.63	0.69999999	Pamiškė	826	4	Liudviko Zamenhofo st.	835.90002	40	Autobusai	40	06
665264	2-1716	971	A>B	Stotis–Eišiškių pl.–Užusienis	336	336.76001	0	Aguonų st.	340.39999	4.8000002	„Sparta“	347.10001	41	Autobusai	41	01
665264	2-1716	971	A>B	Stotis–Eišiškių pl.–Užusienis	819	818.5	-3.0999999	Dieveniškių st.	836.40002	0	Naujininkai	829.20001	41	Autobusai	41	01
665264	2-1716	971	B>A	Užusienis–Eišiškių pl.–Stotis	913	913.87	-3.0999999	Naujininkai	923.70001	-0.1	Dieveniškių st.	915.79999	41	Autobusai	41	01
665264	2-1716	971	A>B	Stotis–Eišiškių pl.–Užusienis	941	939.91998	-3.5999999	Dieveniškių st.	957.79999	-0.80000001	Naujininkai	950.5	41	Autobusai	41	01
665264	2-1716	971	A>B	Stotis–Eišiškių pl.–Užusienis	1004	1003.03	-3.0999999	Dieveniškių st.	1021.4	-0.89999998	Metalo st.	1017.3	41	Autobusai	41	01
665264	2-1716	971	A>B	Stotis–Eišiškių pl.–Užusienis	1158	1157.0601	-3.5999999	Dieveniškių st.	1174.8	-0.30000001	Stotis	1158.7	41	Autobusai	41	01
665264	2-1716	971	B>A	Užusienis–Eišiškių pl.–Stotis	1191	1191.51	-3.2	Naujininkai	1201.6	-0.30000001	Dieveniškių st.	1193.6	41	Autobusai	41	01
665264	2-1716	971	A>B	Stotis–Eišiškių pl.–Užusienis	1219	1218.1899	-3.5999999	Dilgynė	1234.6	-0.60000002	„Sparta“	1224.7	41	Autobusai	41	01
665197	2-467	979	A>B	Stotis–Eišiškių pl.–Salininkai	970	969.13	-3.0999999	Dilgynė	986.40002	-1.1	Stotis	969	42	Autobusai	42	01-ž
665197	2-467	979	A>B	Stotis–Eišiškių pl.–Salininkai	1140	1139.2	-4.0999999	Dilgynė	1155.3	0.1	Stotis	1140.2	42	Autobusai	42	01-ž
665197	2-467	979	A>B	Stotis–Eišiškių pl.–Salininkai	1213	1212.42	-3.5	Dilgynė	1228.9	0	„Sparta“	1219.5	42	Autobusai	42	01-ž
665197	2-467	979	B>A	Salininkai - Eišiškių pl. - Stotis	1260	1260.55	-4.3000002	Aguonų st.	1280.9	1.2	Salininkai	1262.5	42	Autobusai	42	01-ž
665197	2-467	979	B>A	Salininkai - Eišiškių pl. - Stotis	1336	1336.8	-4.4000001	Aguonų st.	1357	1.3	Salininkai	1338.6	42	Autobusai	42	01-ž
665227	2-2970	155	B>A	Centras–Žaliasis tiltas–Šeškinė–Justiniškės	692	692.27002	-0.2	Žaliasis tiltas	699.09998	5.5999999	Šiaurinė st.	728.79999	43	Autobusai	43	01-ž
665227	2-2970	155	A>B	Justiniškės–Šeškinė–Žaliasis tiltas–Centras	730	732.42999	2.5999999	Šiaurinė st.	734.79999	6.5	Žaliasis tiltas	762.40002	43	Autobusai	43	01-ž
665227	2-2970	155	B>A	Centras–Žaliasis tiltas–Šeškinė–Justiniškės	765	766.59998	-0.5	Nacionalinė dailės galerija	777.09998	6.3000002	Šiaurinė st.	802.5	43	Autobusai	43	01-ž
665227	2-2970	155	A>B	Justiniškės–Šeškinė–Žaliasis tiltas–Centras	803	806.46002	3.8	Justiniškių žiedas	807	6.0999999	Buivydiškių st.	819.70001	43	Autobusai	43	01-ž
665227	2-2970	155	B>A	Centras–Žaliasis tiltas–Šeškinė–Justiniškės	839	840.90002	1.9	Žaliasis tiltas	848.20001	7.3000002	Šiaurinė st.	877.5	43	Autobusai	43	01-ž
665227	2-2970	155	A>B	Justiniškės–Šeškinė–Žaliasis tiltas–Centras	882	885.59003	3	Šeškinė	902.79999	7.0999999	Operos ir baleto teatras	917.09998	43	Autobusai	43	01-ž
665227	2-2970	155	B>A	Centras–Žaliasis tiltas–Šeškinė–Justiniškės	917	919.73999	1.4	Dūkštų st.	938.09998	3.9000001	Šiaurinė st.	952.09998	43	Autobusai	43	01-ž
665227	2-2970	155	A>B	Justiniškės–Šeškinė–Žaliasis tiltas–Centras	969	970.34998	0.89999998	Šeškinė	987.70001	3.7	Buivydiškių st.	983.29999	43	Autobusai	43	01-ž
665227	2-2970	155	A>B	Justiniškės–Šeškinė–Žaliasis tiltas–Centras	1057	1058.4399	1.8	Justiniškių žiedas	1058.9	7.6999998	Dūkštų st.	1078.1	43	Autobusai	43	01-ž
665227	2-2970	155	A>B	Justiniškės–Šeškinė–Žaliasis tiltas–Centras	1228	1231	2.4000001	Šeškinė	1246.6	4.5	Rygos st.	1241.8	43	Autobusai	43	01-ž
665447	2-1236	624	A>B	Justiniškės–Šeškinė–Žaliasis tiltas–Centras	532	533.94	1.8	Atžalyno st.	537	4.6999998	Dūkštų st.	550.09998	43	Autobusai	43	02
665447	2-1236	624	B>A	Centras–Žaliasis tiltas–Šeškinė–Justiniškės	746	746.40002	-2	Europos aikštė	755.40002	4.4000001	Šiaurinė st.	781.59998	43	Autobusai	43	02
665447	2-1236	624	B>A	Centras–Žaliasis tiltas–Šeškinė–Justiniškės	857	858.02002	-1.3	Nacionalinė dailės galerija	868.29999	4	Atžalyno st.	891.09998	43	Autobusai	43	02
665447	2-1236	624	A>B	Justiniškės–Šeškinė–Žaliasis tiltas–Centras	903	903.46002	-0.30000001	Šeškinė	920.40002	3.4000001	Operos ir baleto teatras	934.5	43	Autobusai	43	02
665234	2-3177	455	A>B	Justiniškės–Šeškinė–Žaliasis tiltas–Centras	502	502.53	0.89999998	Šiaurinė st.	505.10001	4.6999998	Dūkštų st.	520.09998	43	Autobusai	43	03
665234	2-3177	455	B>A	Centras–Žaliasis tiltas–Šeškinė–Justiniškės	641	639.96997	-0.60000002	Kražių st.	642.40002	6.8000002	Atžalyno st.	678	43	Autobusai	43	03
665234	2-3177	455	A>B	Justiniškės–Šeškinė–Žaliasis tiltas–Centras	681	682.16998	1.4	Šiaurinė st.	684.5	4.5999999	Saltoniškės	705.20001	43	Autobusai	43	03
665234	2-3177	455	B>A	Centras–Žaliasis tiltas–Šeškinė–Justiniškės	720	719.69	-1.4	Europos aikštė	730	7.6999998	Atžalyno st.	757.90002	43	Autobusai	43	03
665234	2-3177	455	A>B	Justiniškės–Šeškinė–Žaliasis tiltas–Centras	772	771.89001	0.2	Atžalyno st.	775.5	4.3000002	Operos ir baleto teatras	804.29999	43	Autobusai	43	03
665234	2-3177	455	B>A	Centras–Žaliasis tiltas–Šeškinė–Justiniškės	813	812.48999	-0.40000001	Lukiškės	813.79999	4.3000002	Šiaurinė st.	848.5	43	Autobusai	43	03
665234	2-3177	455	B>A	Centras–Žaliasis tiltas–Šeškinė–Justiniškės	893	892.89001	0.1	Žaliasis tiltas	900.40002	3.9000001	Atžalyno st.	927.09998	43	Autobusai	43	03
665234	2-3177	455	A>B	Justiniškės–Šeškinė–Žaliasis tiltas–Centras	1191	1192.03	1.2	Šiaurinė st.	1194.4	3.5	Rygos st.	1203.7	43	Autobusai	43	03
665223	2-252	769	A>B	Pašilaičiai–A.Goštauto g.–Centras	592	592.60999	0.60000002	Gabijos st.	595.29999	3.2	Alberto Goštauto st.	616.20001	46	Autobusai	46	01-ž
665223	2-252	769	B>A	Centras–A.Goštauto g.–Pašilaičiai	619	620.32001	-0.60000002	Juliaus Juzeliūno st.	640.40002	3.3	Lietuvos sąjūdžio kelias	626.59998	46	Autobusai	46	01-ž
665223	2-252	769	A>B	Pašilaičiai–A.Goštauto g.–Centras	724	724.32001	0.30000001	Skalvių st.	725	3.9000001	Saltoniškės	744.79999	46	Autobusai	46	01-ž
665223	2-252	769	A>B	Pašilaičiai–A.Goštauto g.–Centras	848	850.62	2.4000001	Gabijos st.	853.09998	6.6999998	Saltoniškės	871.59998	46	Autobusai	46	01-ž
665223	2-252	769	B>A	Centras–A.Goštauto g.–Pašilaičiai	875	881.29999	4.6999998	Juliaus Juzeliūno st.	901.70001	6.9000001	Žemynos st.	900.20001	46	Autobusai	46	01-ž
665223	2-252	769	A>B	Pašilaičiai–A.Goštauto g.–Centras	910	913.03003	2.8	Gabijos st.	915.59998	7.3000002	Saltoniškės	934.09998	46	Autobusai	46	01-ž
665223	2-252	769	B>A	Centras–A.Goštauto g.–Pašilaičiai	937	942.31	4.0999999	Juliaus Juzeliūno st.	963.09998	6.8000002	Europos aikštė	946.09998	46	Autobusai	46	01-ž
665223	2-252	769	A>B	Pašilaičiai–A.Goštauto g.–Centras	973	974.35999	1.2	Gabijos st.	976.90002	4.9000001	Saltoniškės	994.70001	46	Autobusai	46	01-ž
665223	2-252	769	B>A	Centras–A.Goštauto g.–Pašilaičiai	1000	1002.89	3.3	Žaliasis tiltas	1003.4	5.6999998	Siesikų st.	1016.2	46	Autobusai	46	01-ž
665223	2-252	769	A>B	Pašilaičiai–A.Goštauto g.–Centras	1054	1055.89	1.6	Buivydiškių st.	1067.9	3.3	Saltoniškės	1074.1	46	Autobusai	46	01-ž
665223	2-252	769	B>A	Centras–A.Goštauto g.–Pašilaičiai	1081	1083.13	1.2	Juliaus Juzeliūno st.	1104.2	3.7	Lietuvos sąjūdžio kelias	1089	46	Autobusai	46	01-ž
665223	2-252	769	A>B	Pašilaičiai–A.Goštauto g.–Centras	1136	1138.47	1.7	Vaikų kaimas	1151.6	4.5999999	Saltoniškės	1157.4	46	Autobusai	46	01-ž
665223	2-252	769	B>A	Centras–A.Goštauto g.–Pašilaičiai	1163	1165.67	0.40000001	Juliaus Juzeliūno st.	1185.3	3.3	Lietuvos sąjūdžio kelias	1170.5	46	Autobusai	46	01-ž
665223	2-252	769	A>B	Pašilaičiai–A.Goštauto g.–Centras	1205	1206.05	0.80000001	Gabijos st.	1208.5	3.7	Saltoniškės	1225.5	46	Autobusai	46	01-ž
665286	2-10577	942	A>B	Pašilaičiai–A.Goštauto g.–Centras	344	345.39001	1.3	Skalvių st.	346	3.4000001	Saltoniškės	364.20001	46	Autobusai	46	02
665286	2-10577	942	A>B	Pašilaičiai–A.Goštauto g.–Centras	469	469.79999	0.80000001	Gabijos st.	472.5	3.0999999	Saltoniškės	489	46	Autobusai	46	02
665286	2-10577	942	A>B	Pašilaičiai–A.Goštauto g.–Centras	531	531.40002	0.30000001	Skalvių st.	531.90002	5.0999999	Saltoniškės	552.90002	46	Autobusai	46	02
665286	2-10577	942	B>A	Centras–A.Goštauto g.–Pašilaičiai	558	561.15002	-1	Juliaus Juzeliūno st.	579	3.5999999	Lietuvos sąjūdžio kelias	565.90002	46	Autobusai	46	02
665286	2-10577	942	A>B	Pašilaičiai–A.Goštauto g.–Centras	620	620.46997	0.5	Skalvių st.	621.20001	3.0999999	Saltoniškės	640	46	Autobusai	46	02
665286	2-10577	942	B>A	Centras–A.Goštauto g.–Pašilaičiai	647	648.31	1	Žaliasis tiltas	648.29999	4.6999998	Siesikų st.	662.20001	46	Autobusai	46	02
665286	2-10577	942	A>B	Pašilaičiai–A.Goštauto g.–Centras	743	743.87	1	Gabijos st.	746.79999	3.7	Saltoniškės	763.5	46	Autobusai	46	02
665286	2-10577	942	B>A	Centras–A.Goštauto g.–Pašilaičiai	832	835.15002	2.2	Juliaus Juzeliūno st.	856.20001	4.5999999	Europos aikštė	838.90002	46	Autobusai	46	02
665286	2-10577	942	A>B	Pašilaičiai–A.Goštauto g.–Centras	867	869.58002	2.3	Operos ir baleto teatras	893.90002	3.5	Saltoniškės	887.40002	46	Autobusai	46	02
665286	2-10577	942	B>A	Centras–A.Goštauto g.–Pašilaičiai	894	895.54999	0.40000001	Juliaus Juzeliūno st.	916.40002	3.0999999	Nacionalinė dailės galerija	900.5	46	Autobusai	46	02
665286	2-10577	942	A>B	Pašilaičiai–A.Goštauto g.–Centras	1079	1080.52	1.5	Skalvių st.	1081.2	5.6999998	Saltoniškės	1101.6	46	Autobusai	46	02
665286	2-10577	942	B>A	Centras–A.Goštauto g.–Pašilaičiai	1106	1109.86	1.1	Juliaus Juzeliūno st.	1129.1	4.3000002	Lietuvos sąjūdžio kelias	1114.6	46	Autobusai	46	02
665286	2-10577	942	B>A	Centras–A.Goštauto g.–Pašilaičiai	1251	1253.34	0.80000001	Juliaus Juzeliūno st.	1273.8	3.5	Lietuvos sąjūdžio kelias	1258.8	46	Autobusai	46	02
665331	2-10393	941	A>B	Pašilaičiai–A.Goštauto g.–Centras	552	552.77002	0.69999999	Skalvių st.	553.29999	3.4000001	Saltoniškės	572.20001	46	Autobusai	46	03
665331	2-10393	941	A>B	Pašilaičiai–A.Goštauto g.–Centras	641	641.40997	0.30000001	Skalvių st.	642	3.2	Saltoniškės	661	46	Autobusai	46	03
665331	2-10393	941	A>B	Pašilaičiai–A.Goštauto g.–Centras	764	764.25	0	Gabijos st.	766.70001	4.0999999	Saltoniškės	784.90002	46	Autobusai	46	03
665331	2-10393	941	B>A	Centras–A.Goštauto g.–Pašilaičiai	791	792.83002	1.7	Juliaus Juzeliūno st.	814.59998	3.4000001	Europos aikštė	796.70001	46	Autobusai	46	03
665331	2-10393	941	A>B	Pašilaičiai–A.Goštauto g.–Centras	888	888.73999	0.40000001	Gabijos st.	891.09998	3.3	Saltoniškės	908.09998	46	Autobusai	46	03
665331	2-10393	941	A>B	Pašilaičiai–A.Goštauto g.–Centras	950	950.81	0.69999999	Gabijos st.	953.40002	4.8000002	Saltoniškės	971.59998	46	Autobusai	46	03
665331	2-10393	941	B>A	Centras–A.Goštauto g.–Pašilaičiai	977	979.41998	0.80000001	Juliaus Juzeliūno st.	999.70001	4.0999999	Nacionalinė dailės galerija	984.59998	46	Autobusai	46	03
665311	2-2384	988	B>A	Santariškės–Pašilaičiai–Šeškinė	338	338.81	-0.2	Akademijos st.	342.60001	4.3000002	Gelvonėlio st.	370.89999	48	Autobusai	48	01-Ž
665311	2-2384	988	A>B	Šeškinė–Pašilaičiai–Santariškės	568	569.15997	-0.1	Siesikų st.	577.5	5.4000001	Akademijos st.	603.70001	48	Autobusai	48	01-Ž
665311	2-2384	988	A>B	Šeškinė–Pašilaičiai–Santariškės	665	665.71002	0.30000001	Paberžės st.	667.90002	5.5	Kaimelio žiedas	689.40002	48	Autobusai	48	01-Ž
665311	2-2384	988	A>B	Šeškinė–Pašilaičiai–Santariškės	748	751.65002	2.5	Mykolo Romerio universitetas	776.40002	4.5999999	Akademijos st.	782.90002	48	Autobusai	48	01-Ž
665311	2-2384	988	B>A	Santariškės–Pašilaičiai–Šeškinė	789	791.12	-0.5	Pašilaičių žiedas	806.79999	4.9000001	Paberžės st.	827.20001	48	Autobusai	48	01-Ž
665311	2-2384	988	B>A	Santariškės–Pašilaičiai–Šeškinė	963	964.25	-0.89999998	Molėtų plentas	967.90002	7.6999998	Paberžės st.	1004	48	Autobusai	48	01-Ž
665311	2-2384	988	A>B	Šeškinė–Pašilaičiai–Santariškės	1205	1206.62	1.2	Gelvonėlio st.	1210.2	3.5	Akademijos st.	1236.7	48	Autobusai	48	01-Ž
665282	2-10423	981	B>A	Santariškės–Pašilaičiai–Šeškinė	659	659.09998	-0.80000001	Pašilaičių žiedas	676.5	4	Paberžės st.	696.20001	48	Autobusai	48	02
665282	2-10423	981	A>B	Šeškinė–Pašilaičiai–Santariškės	703	703.44	-0.30000001	Vaikų kaimas	713.40002	3.2	Akademijos st.	736.5	48	Autobusai	48	02
665282	2-10423	981	A>B	Šeškinė–Pašilaičiai–Santariškės	794	794.67999	0.2	Vaikų kaimas	804.90002	3.7	Kaimelio žiedas	816.5	48	Autobusai	48	02
665282	2-10423	981	B>A	Santariškės–Pašilaičiai–Šeškinė	837	836.96997	-1.4	Molėtų plentas	840.29999	8.1000004	Paberžės st.	878.40002	48	Autobusai	48	02
665282	2-10423	981	A>B	Šeškinė–Pašilaičiai–Santariškės	884	884.65002	-0.60000002	Santariškės	918	3.4000001	Kaimelio žiedas	906.29999	48	Autobusai	48	02
665282	2-10423	981	B>A	Santariškės–Pašilaičiai–Šeškinė	925	925.53998	-0.89999998	Molėtų plentas	928.70001	5.4000001	Šeškinės kalvos	960.59998	48	Autobusai	48	02
665220	2-973	984	B>A	Bukčiai–Lazdynai–Žalgirio–Didlaukio–Ateities g.	339	340.29001	-0.40000001	Panorama	363.20001	3.0999999	Baltupiai	380.39999	49	Autobusai	49	01-Ž
665220	2-973	984	B>A	Bukčiai–Lazdynai–Žalgirio–Didlaukio–Ateities g.	561	561.37	0.30000001	Bukčiai	561.40002	5.3000002	Karoliniškės	583	49	Autobusai	49	01-Ž
665220	2-973	984	A>B	Ateities–Didlaukio–Žalgirio g.–Lazdynai–Bukčiai	638	639.46002	-0.60000002	Ąžuolo st.	675.40002	3.0999999	Linkmenų st.	657.59998	49	Autobusai	49	01-Ž
665220	2-973	984	B>A	Bukčiai–Lazdynai–Žalgirio–Didlaukio–Ateities g.	694	694.29999	0.30000001	Bukčiai	694.29999	7.0999999	Naujakiemio st.	742.59998	49	Autobusai	49	01-Ž
665220	2-973	984	B>A	Bukčiai–Lazdynai–Žalgirio–Didlaukio–Ateities g.	802	802.59998	0.5	Neužmirštuolių st.	803.79999	5.9000001	Baltupiai	849.70001	49	Autobusai	49	01-Ž
665220	2-973	984	B>A	Bukčiai–Lazdynai–Žalgirio–Didlaukio–Ateities g.	924	925.84003	1.7	Bukčiai	925.70001	4.5	Baltupiai	970.29999	49	Autobusai	49	01-Ž
665220	2-973	984	B>A	Bukčiai–Lazdynai–Žalgirio–Didlaukio–Ateities g.	1035	1036.3101	1.2	Bukčiai	1036.3	4.5999999	Karoliniškės	1056.3	49	Autobusai	49	01-Ž
665220	2-973	984	B>A	Bukčiai–Lazdynai–Žalgirio–Didlaukio–Ateities g.	1172	1172.88	0.69999999	Užutekio st.	1174.5	5.0999999	Vaivorykštės st.	1191.5	49	Autobusai	49	01-Ž
665220	2-973	984	A>B	Ateities–Didlaukio–Žalgirio g.–Lazdynai–Bukčiai	1223	1225.67	2.7	Ateities st.	1225.9	6.8000002	Žalgirio st.	1240	49	Autobusai	49	01-Ž
665220	2-973	984	A>B	Ateities–Didlaukio–Žalgirio g.–Lazdynai–Bukčiai	1330	1332.01	1.9	Didlaukio st.	1334.1	5.3000002	Panorama	1353.2	49	Autobusai	49	01-Ž
665183	2-195	967	B>A	Bukčiai–Lazdynai–Žalgirio–Didlaukio–Ateities g.	638	638.84003	0.69999999	Bukčiai	638.79999	9.6999998	Didlaukio st.	691.09998	49	Autobusai	49	02
665183	2-195	967	B>A	Bukčiai–Lazdynai–Žalgirio–Didlaukio–Ateities g.	757	758.15997	1	Bukčiai	758	5.0999999	Vaivorykštės st.	776.5	49	Autobusai	49	02
665431	2-1899	765	B>A	Bukčiai–Lazdynai–Žalgirio–Didlaukio–Ateities g.	597	598.83002	1.7	Bukčiai	598.79999	8.8999996	Didlaukio st.	649.29999	49	Autobusai	49	03
665431	2-1899	765	B>A	Bukčiai–Lazdynai–Žalgirio–Didlaukio–Ateities g.	718	716.89001	-1.2	Bukčiai	716.90002	4.1999998	Baltupiai	764	49	Autobusai	49	03
665431	2-1899	765	B>A	Bukčiai–Lazdynai–Žalgirio–Didlaukio–Ateities g.	851	850.53998	-0.60000002	Neužmirštuolių st.	851.70001	9.3999996	Didlaukio st.	903.79999	49	Autobusai	49	03
665431	2-1899	765	A>B	Ateities–Didlaukio–Žalgirio g.–Lazdynai–Bukčiai	902	907.88	4.8000002	Didlaukio st.	910	7.4000001	Linkmenų st.	925.90002	49	Autobusai	49	03
665431	2-1899	765	B>A	Bukčiai–Lazdynai–Žalgirio–Didlaukio–Ateities g.	961	964.27002	2.8	Ratilių st.	967.09998	9.1000004	Baltupiai	1011.8	49	Autobusai	49	03
665178	2-2749	338	A>B	Pilaitė–Konstitucijos pr.–Saulėtekis	591	590.63	0	Bitėnų st.	591.5	5.1999998	Tuskulėnų rimties parkas	618.59998	4G	Autobusai	4G	01
665178	2-2749	338	B>A	Saulėtekis–Konstitucijos pr.–Pilaitė	820	819.98999	-0.2	Senoji plytinė	820.79999	4.3000002	Gilužio st.	862.79999	4G	Autobusai	4G	01
665178	2-2749	338	A>B	Pilaitė–Konstitucijos pr.–Saulėtekis	876	876.46002	0.60000002	Bitėnų st.	877	3.8	Tuskulėnų rimties parkas	902.20001	4G	Autobusai	4G	01
665178	2-2749	338	A>B	Pilaitė–Konstitucijos pr.–Saulėtekis	972	971.90997	0.1	Gilužio st.	973.5	4.5	Tuskulėnų rimties parkas	998.90002	4G	Autobusai	4G	01
665178	2-2749	338	B>A	Saulėtekis–Konstitucijos pr.–Pilaitė	1149	1150.83	0.80000001	Lvovo st.	1169.9	3.2	Antakalnis	1158.3	4G	Autobusai	4G	01
665178	2-2749	338	B>A	Saulėtekis–Konstitucijos pr.–Pilaitė	1246	1246.86	-0.40000001	Lvovo st.	1264.6	4.8000002	Sietyno st.	1278.7	4G	Autobusai	4G	01
665526	2-824	445	A>B	Pilaitė–Konstitucijos pr.–Saulėtekis	816	817.39001	1.5	Gilužio st.	819	6.1999998	Tuskulėnų rimties parkas	844.59998	4G	Autobusai	4G	02Ž
665526	2-824	445	B>A	Saulėtekis–Konstitucijos pr.–Pilaitė	865	865.13	0	Vilniaus universitetas	867.79999	5.3000002	Gilužio st.	908.79999	4G	Autobusai	4G	02Ž
665526	2-824	445	A>B	Pilaitė–Konstitucijos pr.–Saulėtekis	913	912.77002	-0.2	Gilužio st.	914.40002	5.0999999	Tuskulėnų rimties parkas	940.5	4G	Autobusai	4G	02Ž
665333	2-1346	597	A>B	Pilaitė–Konstitucijos pr.–Saulėtekis	454	455.39001	1	Gilužio st.	456.39999	5	Lvovo st.	477.89999	4G	Autobusai	4G	03
665333	2-1346	597	B>A	Saulėtekis–Konstitucijos pr.–Pilaitė	501	500.66	-0.80000001	Lvovo st.	520.40002	4.0999999	Gilužio st.	543.5	4G	Autobusai	4G	03
665333	2-1346	597	A>B	Pilaitė–Konstitucijos pr.–Saulėtekis	547	547.23999	0.30000001	Gilužio st.	548.70001	3.2	Tuskulėnų rimties parkas	572.59998	4G	Autobusai	4G	03
665333	2-1346	597	A>B	Pilaitė–Konstitucijos pr.–Saulėtekis	673	673.94	1	Gilužio st.	675.5	4	Tuskulėnų rimties parkas	699.40002	4G	Autobusai	4G	03
665333	2-1346	597	B>A	Saulėtekis–Konstitucijos pr.–Pilaitė	720	721.22998	1.1	Senoji plytinė	722.29999	4.1999998	Sietyno st.	753.70001	4G	Autobusai	4G	03
665333	2-1346	597	A>B	Pilaitė–Konstitucijos pr.–Saulėtekis	765	766.64001	1.9	Bitėnų st.	767.20001	6.9000001	Tuskulėnų rimties parkas	794.29999	4G	Autobusai	4G	03
665333	2-1346	597	B>A	Saulėtekis–Konstitucijos pr.–Pilaitė	810	811.01001	1.2	Vilniaus universitetas	814	5.9000001	Gilužio st.	854.29999	4G	Autobusai	4G	03
665333	2-1346	597	A>B	Pilaitė–Konstitucijos pr.–Saulėtekis	865	865.15002	0.40000001	Karaliaučiaus st.	868.5	4.9000001	Tuskulėnų rimties parkas	892.29999	4G	Autobusai	4G	03
665333	2-1346	597	A>B	Pilaitė–Konstitucijos pr.–Saulėtekis	1183	1184.15	0.80000001	Gedimino technikos universitetas	1220.7	4.4000001	Tuskulėnų rimties parkas	1209.8	4G	Autobusai	4G	03
665242	2-10375	448	B>A	Saulėtekis–Konstitucijos pr.–Pilaitė	468	467.45001	-3.5	Tolminkiemio st.	500.20001	-0.5	Senoji plytinė	468.5	4G	Autobusai	4G	04Ž
665242	2-10375	448	B>A	Saulėtekis–Konstitucijos pr.–Pilaitė	690	689.83002	-0.1	Senoji plytinė	690.90002	3.0999999	Teodoro Narbuto st.	720.79999	4G	Autobusai	4G	04Ž
665242	2-10375	448	A>B	Pilaitė–Konstitucijos pr.–Saulėtekis	736	736.04999	-0.60000002	Lietuvos sąjūdžio kelias	751.90002	3.8	Tuskulėnų rimties parkas	762.20001	4G	Autobusai	4G	04Ž
665242	2-10375	448	A>B	Pilaitė–Konstitucijos pr.–Saulėtekis	838	838	-1	Gedimino technikos universitetas	874	3.8	Tuskulėnų rimties parkas	864.29999	4G	Autobusai	4G	04Ž
665242	2-10375	448	B>A	Saulėtekis–Konstitucijos pr.–Pilaitė	984	983.21002	-0.89999998	Lvovo st.	1003.1	12.6	Gilužio st.	1035.9	4G	Autobusai	4G	04Ž
665242	2-10375	448	B>A	Saulėtekis–Konstitucijos pr.–Pilaitė	1289	1287.99	-2.4000001	Papilėnų st.	1319.8	10.7	Gilužio st.	1336.9	4G	Autobusai	4G	04Ž
665369	2-3171	565	A>B	Pilaitė–Konstitucijos pr.–Saulėtekis	391	391.48001	0.69999999	Gilužio st.	393.20001	4.0999999	Tuskulėnų rimties parkas	417.60001	4G	Autobusai	4G	05
665369	2-3171	565	B>A	Saulėtekis–Konstitucijos pr.–Pilaitė	436	436.34	-1.7	Lvovo st.	454.5	3.0999999	Gilužio st.	476.79999	4G	Autobusai	4G	05
665497	2-1447	336	A>B	Pilaitė–Konstitucijos pr.–Saulėtekis	577	594.82001	6.5	Gedimino technikos universitetas	620.40002	9.6000004	Lvovo st.	605.59998	4G	Autobusai	4G	05
665497	2-1447	336	B>A	Saulėtekis–Konstitucijos pr.–Pilaitė	622	624	1.6	Lvovo st.	643.79999	4	Sietyno st.	655.5	4G	Autobusai	4G	05
665497	2-1447	336	B>A	Saulėtekis–Konstitucijos pr.–Pilaitė	744	746.72998	2.7	Klinikų st.	756	7.3000002	Gilužio st.	789.70001	4G	Autobusai	4G	05
665497	2-1447	336	A>B	Pilaitė–Konstitucijos pr.–Saulėtekis	802	801.96997	0.1	Gilužio st.	803.59998	4.6999998	Tuskulėnų rimties parkas	829.09998	4G	Autobusai	4G	05
665497	2-1447	336	B>A	Saulėtekis–Konstitucijos pr.–Pilaitė	850	850.56	-0.30000001	Lvovo st.	869.90002	3.8	Gilužio st.	892.20001	4G	Autobusai	4G	05
665497	2-1447	336	A>B	Pilaitė–Konstitucijos pr.–Saulėtekis	900	900.03003	-0.80000001	Lietuvos sąjūdžio kelias	915.5	3.2	Tuskulėnų rimties parkas	925.59998	4G	Autobusai	4G	05
665497	2-1447	336	A>B	Pilaitė–Konstitucijos pr.–Saulėtekis	996	996.59998	0.80000001	Karaliaučiaus st.	999.90002	3.4000001	Lvovo st.	1018.4	4G	Autobusai	4G	05
665464	2-46	449	B>A	Saulėtekis–Konstitucijos pr.–Pilaitė	606	605.16998	-2.3	Papilėnų st.	638.90002	11.4	Gilužio st.	656.40002	4G	Autobusai	4G	06
665464	2-46	449	B>A	Saulėtekis–Konstitucijos pr.–Pilaitė	833	832.32001	-0.89999998	Šilo tiltas	843.90002	14.8	Gilužio st.	886.90002	4G	Autobusai	4G	06
665464	2-46	449	A>B	Pilaitė–Konstitucijos pr.–Saulėtekis	888	887.59998	-0.30000001	Karaliaučiaus st.	890.79999	6.5999999	Tuskulėnų rimties parkas	917	4G	Autobusai	4G	06
665521	2-2940	340	A>B	Pilaitė–Konstitucijos pr.–Saulėtekis	984	1003.25	5.8000002	Gedimino technikos universitetas	1026.6	10	Sietyno st.	1003.3	4G	Autobusai	4G	06
665396	2-17440	446	B>A	Saulėtekis–Konstitucijos pr.–Pilaitė	485	484.94	-3.5999999	Papilėnų st.	516.59998	0.1	Senoji plytinė	486.20001	4G	Autobusai	4G	07
665396	2-17440	446	B>A	Saulėtekis–Konstitucijos pr.–Pilaitė	675	674.23999	-0.80000001	Senoji plytinė	675.29999	4.8000002	Teodoro Narbuto st.	707.5	4G	Autobusai	4G	07
665396	2-17440	446	A>B	Pilaitė–Konstitucijos pr.–Saulėtekis	852	853.03998	0.30000001	Lietuvos sąjūdžio kelias	868.59998	3.3	Tuskulėnų rimties parkas	877.70001	4G	Autobusai	4G	07
665396	2-17440	446	B>A	Saulėtekis–Konstitucijos pr.–Pilaitė	901	900.02002	-0.89999998	Senoji plytinė	901.09998	3.0999999	Sietyno st.	933.59998	4G	Autobusai	4G	07
665396	2-17440	446	A>B	Pilaitė–Konstitucijos pr.–Saulėtekis	950	951.38	1.3	Karaliaučiaus st.	954.40002	4.0999999	Tuskulėnų rimties parkas	976.5	4G	Autobusai	4G	07
665495	2-1254	339	A>B	Pilaitė–Konstitucijos pr.–Saulėtekis	605	605.48999	0.30000001	Gedimino technikos universitetas	642.09998	3.7	Tuskulėnų rimties parkas	631.09998	4G	Autobusai	4G	08
665495	2-1254	339	A>B	Pilaitė–Konstitucijos pr.–Saulėtekis	709	709.90002	1.4	Gilužio st.	711.90002	5.1999998	Tuskulėnų rimties parkas	736.59998	4G	Autobusai	4G	08
665495	2-1254	339	B>A	Saulėtekis–Konstitucijos pr.–Pilaitė	753	755.34998	2.0999999	Tuskulėnų rimties parkas	771.29999	3.5999999	Teodoro Narbuto st.	784.29999	4G	Autobusai	4G	08
665495	2-1254	339	A>B	Pilaitė–Konstitucijos pr.–Saulėtekis	828	830	1.9	Gilužio st.	831.5	5.9000001	Lvovo st.	852.90002	4G	Autobusai	4G	08
665495	2-1254	339	A>B	Pilaitė–Konstitucijos pr.–Saulėtekis	927	928.46002	-0.30000001	Gedimino technikos universitetas	963.79999	3.3	Tuskulėnų rimties parkas	952.70001	4G	Autobusai	4G	08
665495	2-1254	339	B>A	Saulėtekis–Konstitucijos pr.–Pilaitė	975	974.41998	-0.60000002	Lvovo st.	994.5	3.3	Gilužio st.	1016.7	4G	Autobusai	4G	08
665495	2-1254	339	A>B	Pilaitė–Konstitucijos pr.–Saulėtekis	1022	1022.91	1.1	Bitėnų st.	1023.5	6.0999999	Tuskulėnų rimties parkas	1050.5	4G	Autobusai	4G	08
665212	2-1874	791	B>A	Šiaurės miestelis–Tuskulėnų g.–Pašilaičiai	684	684	0.1	Povilo Lukšio st.	684.20001	6.9000001	Jurgio Baltrušaičio st.	713.5	5	Autobusai	5	01-Ž
665514	2-380	763	B>A	Šiaurės miestelis–Tuskulėnų g.–Pašilaičiai	835	835.5	0.40000001	Povilo Lukšio st.	835.59998	5.9000001	Gedvydžių st.	865.59998	5	Autobusai	5	01-Ž
665518	2-2833	962	B>A	Šiaurės miestelis–Tuskulėnų g.–Pašilaičiai	915	916.60999	1.1	Povilo Lukšio st.	916.29999	6.5999999	Jurgio Baltrušaičio st.	944.20001	5	Autobusai	5	01-Ž
665518	2-2833	962	B>A	Šiaurės miestelis–Tuskulėnų g.–Pašilaičiai	989	990.71002	1.2	Povilo Lukšio st.	990.29999	5.5	Jurgio Baltrušaičio st.	1017.1	5	Autobusai	5	01-Ž
665518	2-2833	962	B>A	Šiaurės miestelis–Tuskulėnų g.–Pašilaičiai	1084	1084.71	0.69999999	Povilo Lukšio st.	1084.9	4.4000001	Linkmenų st.	1100.3	5	Autobusai	5	01-Ž
665518	2-2833	962	B>A	Šiaurės miestelis–Tuskulėnų g.–Pašilaičiai	1287	1287.53	0.60000002	Povilo Lukšio st.	1287.7	3.8	Jurgio Baltrušaičio st.	1313.4	5	Autobusai	5	01-Ž
665434	2-2015	966	B>A	Šiaurės miestelis–Tuskulėnų g.–Pašilaičiai	626	627.08002	1	Povilo Lukšio st.	627.20001	5.3000002	Linkmenų st.	643.29999	5	Autobusai	5	02
665434	2-2015	966	B>A	Šiaurės miestelis–Tuskulėnų g.–Pašilaičiai	722	723.03003	0.89999998	Povilo Lukšio st.	723	7.4000001	Gedvydžių st.	754	5	Autobusai	5	02
665434	2-2015	966	B>A	Šiaurės miestelis–Tuskulėnų g.–Pašilaičiai	792	793.21002	0.80000001	Povilo Lukšio st.	793	4.6999998	Jurgio Baltrušaičio st.	819.40002	5	Autobusai	5	02
665434	2-2015	966	B>A	Šiaurės miestelis–Tuskulėnų g.–Pašilaičiai	887	887.84998	0.89999998	Povilo Lukšio st.	888	5.9000001	Jurgio Baltrušaičio st.	915.59998	5	Autobusai	5	02
665434	2-2015	966	B>A	Šiaurės miestelis–Tuskulėnų g.–Pašilaičiai	959	960.45001	1.1	Povilo Lukšio st.	960.20001	5.9000001	Gedvydžių st.	989.5	5	Autobusai	5	02
665434	2-2015	966	A>B	Pašilaičiai–Tuskulėnų g.–Šiaurės miestelis	994	995.09003	0.2	Deivių st.	994.5	4.5	Šiaurės miestelis	1027	5	Autobusai	5	02
665434	2-2015	966	B>A	Šiaurės miestelis–Tuskulėnų g.–Pašilaičiai	1029	1030.25	1	Povilo Lukšio st.	1030.1	5.9000001	Gedvydžių st.	1059.5	5	Autobusai	5	02
665254	2-1825	768	B>A	Bajorai–Baltupio–Didlaukio g.–Antakalnis	327	328.47	1.1	Bajorų sodai	328.10001	6.5999999	Apkasų st.	353	50	Autobusai	50	01-Ž
665254	2-1825	768	A>B	Antakalnis–Didlaukio–Baltupio g.–Bajorai	364	363.35001	-0.80000001	Minties st.	373.39999	4.0999999	Chemijos institutas	398	50	Autobusai	50	01-Ž
665254	2-1825	768	B>A	Bajorai–Baltupio–Didlaukio g.–Antakalnis	404	405.63	1.5	Bajorų sodai	405.60001	5.6999998	Antakalnis	439.20001	50	Autobusai	50	01-Ž
665254	2-1825	768	A>B	Antakalnis–Didlaukio–Baltupio g.–Bajorai	443	441.31	-0.40000001	Antakalnio žiedas	442.70001	5.4000001	Chemijos institutas	478.29999	50	Autobusai	50	01-Ž
665254	2-1825	768	B>A	Bajorai–Baltupio–Didlaukio g.–Antakalnis	483	484.92001	1.7	Bajorų sodai	484.70001	7.5	Antakalnis	522	50	Autobusai	50	01-Ž
665254	2-1825	768	A>B	Antakalnis–Didlaukio–Baltupio g.–Bajorai	524	522.31	-1.2	Antakalnis	526.09998	3.0999999	Chemijos institutas	560	50	Autobusai	50	01-Ž
665254	2-1825	768	B>A	Bajorai–Baltupio–Didlaukio g.–Antakalnis	568	569.57001	1.5	Bajorų sodai	569.5	5	Jono Kazlausko st.	586.5	50	Autobusai	50	01-Ž
665254	2-1825	768	A>B	Antakalnis–Didlaukio–Baltupio g.–Bajorai	640	641.31	1.6	Žygio st.	655.79999	6.6999998	Chemijos institutas	679.59998	50	Autobusai	50	01-Ž
665254	2-1825	768	B>A	Bajorai–Baltupio–Didlaukio g.–Antakalnis	686	686.14001	0	Bajorų sodai	686.09998	4.8000002	Antakalnis	722.29999	50	Autobusai	50	01-Ž
665254	2-1825	768	A>B	Antakalnis–Didlaukio–Baltupio g.–Bajorai	755	753.25	-1.2	Antakalnis	757.09998	6.5999999	Chemijos institutas	794.5	50	Autobusai	50	01-Ž
665254	2-1825	768	B>A	Bajorai–Baltupio–Didlaukio g.–Antakalnis	796	798.57001	2.5	Bajorų sodai	798.59998	6.5	Jono Kazlausko st.	816.09998	50	Autobusai	50	01-Ž
665409	2-407	759	B>A	Bajorai–Baltupio–Didlaukio g.–Antakalnis	523	523.82001	0.60000002	Bajorų sodai	523.70001	3.3	Jono Kazlausko st.	539.90002	50	Autobusai	50	02
665409	2-407	759	B>A	Bajorai–Baltupio–Didlaukio g.–Antakalnis	606	606.47998	0.30000001	Bajorų sodai	606.40002	3.7	Antakalnis	641.20001	50	Autobusai	50	02
665409	2-407	759	B>A	Bajorai–Baltupio–Didlaukio g.–Antakalnis	829	829.53003	0.40000001	Bajorų sodai	829.40002	5.3000002	Tauragnų st.	851.90002	50	Autobusai	50	02
665409	2-407	759	B>A	Bajorai–Baltupio–Didlaukio g.–Antakalnis	1002	1002.81	0.5	Bajorų sodai	1002.6	3.7	Antakalnis	1037.2	50	Autobusai	50	02
665500	2-482	751	A>B	Antakalnis–Didlaukio–Baltupio g.–Bajorai	605	604.91998	-3.8	Antakalnio žiedas	601.20001	3.0999999	Chemijos institutas	641	50	Autobusai	50	03
665500	2-482	751	B>A	Bajorai–Baltupio–Didlaukio g.–Antakalnis	944	944.78998	0.60000002	Bajorų sodai	944.59998	3.5999999	Antakalnis	979.09998	50	Autobusai	50	03
665500	2-482	751	A>B	Antakalnis–Didlaukio–Baltupio g.–Bajorai	1064	1063.6899	-4.5	Antakalnio žiedas	1059.5	1.1	Šilo tiltas	1072.3	50	Autobusai	50	03
665388	2-1918	784	A>B2	Žemieji Paneriai–Daniliškės–Trakų Vokė	425	424.98999	-2.5	Stasylų st.	438.39999	7.5999999	Gunkliškių st.	460.10001	51	Autobusai	51	01
665388	2-1918	784	B1>A1	Trakų Vokė–Žemieji Paneriai	456	461.67001	-1.1	Lentvario st.	471.79999	5.8000002	Trakų Vokė	464.39999	51	Autobusai	51	01
665388	2-1918	784	A>B2	Žemieji Paneriai–Daniliškės–Trakų Vokė	484	485.10001	-0.69999999	Stasylų st.	498.79999	6.0999999	Trakų Vokė	515.40002	51	Autobusai	51	01
665388	2-1918	784	B1>A1	Trakų Vokė–Žemieji Paneriai	515	518.88	-1.6	Vilijos st.	529.5	4.6999998	Trakų Vokė	522.29999	51	Autobusai	51	01
665388	2-1918	784	A>B2	Žemieji Paneriai–Daniliškės–Trakų Vokė	543	544.81	-0.2	Stasylų st.	558.29999	6.0999999	Trakų Vokė	574.40002	51	Autobusai	51	01
665388	2-1918	784	B1>A1	Trakų Vokė–Žemieji Paneriai	574	578.27002	-1.4	Vilijos st.	588.70001	5.1999998	Trakų Vokė	581.79999	51	Autobusai	51	01
665388	2-1918	784	A>B2	Žemieji Paneriai–Daniliškės–Trakų Vokė	600	602.31	-1	Stasylų st.	616	7.6999998	Juozo Tiškevičiaus st.	633.09998	51	Autobusai	51	01
665388	2-1918	784	B1>A1	Trakų Vokė–Žemieji Paneriai	631	636.65997	-1.3	Vilijos st.	645.90002	5.6999998	Eduardo Andrė st.	636.70001	51	Autobusai	51	01
665388	2-1918	784	A>B1	Žemieji Paneriai–Trakų Vokė	691	695.75	1	Stasylų st.	706.20001	4.6999998	Lentvario st.	699.29999	51	Autobusai	51	01
665388	2-1918	784	B1>A1	Trakų Vokė–Žemieji Paneriai	714	715.84003	-1.3	Vilijos st.	725.79999	3.2	Trakų Vokė	719.90002	51	Autobusai	51	01
665388	2-1918	784	A>B1	Žemieji Paneriai–Trakų Vokė	742	746.01001	0.40000001	Stasylų st.	756.90002	4.5	Vaduvos st.	746.5	51	Autobusai	51	01
665388	2-1918	784	A>B1	Žemieji Paneriai–Trakų Vokė	794	796.94	1.4	Stasylų st.	809.20001	3.8	Vilijos st.	801.59998	51	Autobusai	51	01
665388	2-1918	784	A>B1	Žemieji Paneriai–Trakų Vokė	840	843.44	0.69999999	Stasylų st.	854.40002	4	Lentvario st.	847.5	51	Autobusai	51	01
665388	2-1918	784	A>B	Žemieji Paneriai–Trakų Vokė–Daniliškės	889	891	-0.5	Stasylų st.	904.5	3.0999999	Vilijos st.	896.90002	51	Autobusai	51	01
665388	2-1918	784	B2>A1	Daniliškės–Žemieji Paneriai	917	921	3.5	Lentvario st.	936.09998	7	Trakų Vokė	927.59998	51	Autobusai	51	01
665388	2-1918	784	B2>A1	Daniliškės–Žemieji Paneriai	968	971.46997	0.89999998	Vilijos st.	984.29999	4.8000002	Trakų Vokė	976.59998	51	Autobusai	51	01
665388	2-1918	784	B2>A1	Daniliškės–Žemieji Paneriai	1026	1028.17	2	Daniliškės	1028.1	3.9000001	Trakų Vokė	1033.7	51	Autobusai	51	01
665388	2-1918	784	B2>A1	Daniliškės–Žemieji Paneriai	1084	1087.05	1.8	Vilijos st.	1101.2	4.0999999	Trakų Vokė	1091.9	51	Autobusai	51	01
665388	2-1918	784	B2>A1	Daniliškės–Žemieji Paneriai	1165	1168.13	0	Vilijos st.	1182	4.3000002	Trakų Vokė	1172.8	51	Autobusai	51	01
665388	2-1918	784	A>B	Žemieji Paneriai–Trakų Vokė–Daniliškės	1217	1218.39	-1.2	Trakų Vokė	1234.5	5	Bičiulių st.	1251.1	51	Autobusai	51	01
665388	2-1918	784	B2>A1	Daniliškės–Žemieji Paneriai	1247	1253.58	6.0999999	Daniliškės	1253.1	11.1	Trakų Vokė	1261.9	51	Autobusai	51	01
665528	2-193	760	A>B	Žemieji Paneriai–Trakų Vokė–Daniliškės	1276	1277.05	-3.2	Stasylų st.	1288.8	1.9	Bičiulių st.	1307	51	Autobusai	51	01
665528	2-193	760	B2>A1	Daniliškės–Žemieji Paneriai	1306	1310.34	1.1	Vilijos st.	1323.3	6.4000001	Trakų Vokė	1315.7	51	Autobusai	51	01
665528	2-193	760	A>B	Žemieji Paneriai–Trakų Vokė–Daniliškės	1340	1343.42	0	Trakų Vokė	1358.6	3.8	Vaduvos st.	1343.8	51	Autobusai	51	01
665528	2-193	760	B2>A1	Daniliškės–Žemieji Paneriai	1370	1373.4301	-0.69999999	Lentvario st.	1384.8	4.6999998	Trakų Vokė	1377.8	51	Autobusai	51	01
665370	2-10681	949	A>B	Centras–Ukmergės g.–Tarandė	447	451.04001	-0.80000001	Pagrandos st.	480	4.4000001	Lukiškės	452.39999	52	Autobusai	52	01
665370	2-10681	949	B>A	Tarandė–Ukmergės g.–Centras	565	567.27002	0.2	Nacionalinė dailės galerija	591.5	4	Gedvydžių st.	578.70001	52	Autobusai	52	01
665370	2-10681	949	A>B	Centras–Ukmergės g.–Tarandė	707	712.53998	2.2	Pagrandos st.	744.90002	5.5	Kražių st.	714.29999	52	Autobusai	52	01
665370	2-10681	949	B>A	Tarandė–Ukmergės g.–Centras	748	750.34003	1.2	Nacionalinė dailės galerija	775.5	3.7	Šeškinės poliklinika	767.79999	52	Autobusai	52	01
665370	2-10681	949	B>A	Tarandė–Ukmergės g.–Centras	832	833.27002	0.80000001	Tomo Žebrausko st.	836.59998	4.5999999	Žaliasis tiltas	865.70001	52	Autobusai	52	01
665370	2-10681	949	A>B	Centras–Ukmergės g.–Tarandė	878	878.57001	0.89999998	Lukiškės	880	7.4000001	Kelmiškių st.	922.29999	52	Autobusai	52	01
665370	2-10681	949	B>A	Tarandė–Ukmergės g.–Centras	919	924.44	4.6999998	Šeškinė	944.59998	9.8000002	Operos ir baleto teatras	960	52	Autobusai	52	01
665370	2-10681	949	A>B	Centras–Ukmergės g.–Tarandė	957	963.14001	1.8	Igno Šeiniaus st.	980	6.0999999	Kražių st.	964.90002	52	Autobusai	52	01
665370	2-10681	949	B>A	Tarandė–Ukmergės g.–Centras	998	999.67999	1	Tomo Žebrausko st.	1002.9	3.8	Šeškinės poliklinika	1017.9	52	Autobusai	52	01
665524	2-2014	961	B>A	Tarandė–Ukmergės g.–Centras	1181	1181.12	0.2	Raudonbalė	1181.4	3.2	Gedvydžių st.	1193.8	52	Autobusai	52	01
665442	2-1970	780	A>B	Centras–Ukmergės g.–Tarandė	565	565.29999	0.1	Europos aikštė	576.29999	3.3	Pavilionys	596.5	52	Autobusai	52	02
665442	2-1970	780	B>A	Tarandė–Ukmergės g.–Centras	687	687.06	-0.2	Tomo Žebrausko st.	690.59998	3.5999999	Operos ir baleto teatras	721.79999	52	Autobusai	52	02
665442	2-1970	780	A>B	Centras–Ukmergės g.–Tarandė	761	760.96997	-37.200001	Lukiškės	724	1.7	Fabijoniškės	786.5	52	Autobusai	52	02
665442	2-1970	780	A>B	Centras–Ukmergės g.–Tarandė	921	920.70001	-7	Lukiškės	914.20001	0.69999999	Šeškinė	937.40002	52	Autobusai	52	02
665248	2-3184	518	B>A	Stotis–Pylimo–Kalvarijų g.–Fabijoniškės	959	958.72998	-0.5	Broniaus Laurinavičiaus skveras	979.79999	3.0999999	Licėjus	988.90002	53	Autobusai	53	01
665248	2-3184	518	A>B	Fabijoniškės–Kalvarijų–Pylimo g.–Stotis	1033	1033.17	-0.40000001	Pijaus Žadeikos st.	1035.5	4.5	Gėlių st.	1075.7	53	Autobusai	53	01
665248	2-3184	518	B>A	Stotis–Pylimo–Kalvarijų g.–Fabijoniškės	1198	1199.21	0.5	Trakų st.	1205.3	9	Simono Stanevičiaus st.	1237.1	53	Autobusai	53	01
665198	2-2934	709	A>B	Fabijoniškės–Kalvarijų–Pylimo g.–Stotis	603	604.56	0.1	Licėjus	620.20001	3.0999999	Gėlių st.	644.09998	53	Autobusai	53	03-Ž
665198	2-2934	709	A>B	Fabijoniškės–Kalvarijų–Pylimo g.–Stotis	697	697.32001	-0.1	Liudo Giros st.	701.70001	3.2	Gėlių st.	738.20001	53	Autobusai	53	03-Ž
665198	2-2934	709	B>A	Stotis–Pylimo–Kalvarijų g.–Fabijoniškės	847	848.51001	-0.5	Broniaus Laurinavičiaus skveras	867.79999	3.0999999	Simono Stanevičiaus st.	887	53	Autobusai	53	03-Ž
665198	2-2934	709	A>B	Fabijoniškės–Kalvarijų–Pylimo g.–Stotis	1131	1131.1899	-0.30000001	Licėjus	1147.7	3.8	Centro poliklinika	1167.5	53	Autobusai	53	03-Ž
665198	2-2934	709	A>B	Fabijoniškės–Kalvarijų–Pylimo g.–Stotis	1233	1233.0699	-0.69999999	Gelvonų st.	1242.4	5.3000002	Gėlių st.	1273.3	53	Autobusai	53	03-Ž
665198	2-2934	709	B>A	Stotis–Pylimo–Kalvarijų g.–Fabijoniškės	1278	1279.23	0.40000001	Rūdninkų st.	1282.9	3.3	Pramogų arena	1301.8	53	Autobusai	53	03-Ž
665259	2-3061	167	A>B	Fabijoniškės–Kalvarijų–Pylimo g.–Stotis	781	781.21002	-0.5	Pijaus Žadeikos st.	783.40002	4.9000001	Kalvarijų turgus	810.20001	53	Autobusai	53	04
665259	2-3061	167	A>B	Fabijoniškės–Kalvarijų–Pylimo g.–Stotis	882	883.14001	0.40000001	Liudo Giros st.	887.20001	3.8	Žalgirio st.	908.59998	53	Autobusai	53	04
665259	2-3061	167	B>A	Stotis–Pylimo–Kalvarijų g.–Fabijoniškės	1364	1362.9	-3.5999999	Pamiškė	1392.3	0	Vinco Kudirkos aikštė	1373.7	53	Autobusai	53	04
665429	2-256	4012	B>A	Stotis–Pylimo–Kalvarijų g.–Fabijoniškės	575	576.95001	-0.80000001	Gelvonėlio st.	606.20001	3.0999999	Žaliasis tiltas	590.20001	53	Autobusai	53	05
665292	2-149	480	A>B	Fabijoniškės–Kalvarijų–Pylimo g.–Stotis	654	655.29999	0.60000002	Gelvonų st.	664.79999	3.8	Vinco Kudirkos aikštė	688.40002	53	Autobusai	53	06
665292	2-149	480	B>A	Stotis–Pylimo–Kalvarijų g.–Fabijoniškės	698	699.83002	1.7	Rūdninkų st.	704.09998	4	Licėjus	728.79999	53	Autobusai	53	06
665292	2-149	480	A>B	Fabijoniškės–Kalvarijų–Pylimo g.–Stotis	747	750.98999	2.5	Licėjus	766.5	4.1999998	Vinco Kudirkos aikštė	781.79999	53	Autobusai	53	06
665292	2-149	480	B>A	Stotis–Pylimo–Kalvarijų g.–Fabijoniškės	889	889.63	-0.5	Broniaus Laurinavičiaus skveras	909.70001	3.2	Pramogų arena	917.5	53	Autobusai	53	06
665292	2-149	480	B>A	Stotis–Pylimo–Kalvarijų g.–Fabijoniškės	984	984.21997	-0.60000002	Jogailos st.	993.5	3.5999999	Pramogų arena	1012.9	53	Autobusai	53	06
665292	2-149	480	A>B	Fabijoniškės–Kalvarijų–Pylimo g.–Stotis	1070	1070.62	0.1	Simono Stanevičiaus st.	1077.3	8.6999998	Gėlių st.	1115.8	53	Autobusai	53	06
665292	2-149	480	B>A	Stotis–Pylimo–Kalvarijų g.–Fabijoniškės	1114	1118.38	2.5999999	Gelvonėlio st.	1151.1	4.3000002	Žaliasis tiltas	1132.3	53	Autobusai	53	06
665292	2-149	480	A>B	Fabijoniškės–Kalvarijų–Pylimo g.–Stotis	1189	1189.92	0.1	Pijaus Žadeikos st.	1191.9	3.0999999	Vinco Kudirkos aikštė	1219.7	53	Autobusai	53	06
665292	2-149	480	B>A	Stotis–Pylimo–Kalvarijų g.–Fabijoniškės	1234	1234.28	0	Rūdninkų st.	1238.6	3.9000001	Pramogų arena	1258.4	53	Autobusai	53	06
665439	2-1768	525	A>B	Fabijoniškės–Kalvarijų–Pylimo g.–Stotis	991	992.09998	0.40000001	Gelvonų st.	1001.6	4.0999999	Vingriai	1032.2	53	Autobusai	53	07
665312	2-2821	514	B>A	Stotis–Pylimo–Kalvarijų g.–Fabijoniškės	678	678.82001	0.1	Jogailos st.	688.20001	4	Pramogų arena	707.29999	53	Autobusai	53	08
665312	2-2821	514	A>B	Fabijoniškės–Kalvarijų–Pylimo g.–Stotis	727	728.35999	0.40000001	Liudo Giros st.	732.20001	4.5999999	Gėlių st.	769.59998	53	Autobusai	53	08
665312	2-2821	514	B>A	Stotis–Pylimo–Kalvarijų g.–Fabijoniškės	771	772.78998	0.69999999	Jogailos st.	781.79999	4.6999998	Licėjus	802.5	53	Autobusai	53	08
665312	2-2821	514	A>B	Fabijoniškės–Kalvarijų–Pylimo g.–Stotis	924	924.51001	0.40000001	Liudo Giros st.	929.20001	5	Gėlių st.	967.29999	53	Autobusai	53	08
665312	2-2821	514	A>B	Fabijoniškės–Kalvarijų–Pylimo g.–Stotis	1049	1049.5	-0.30000001	Šeškinės kalvos	1063.5	4.5	Gėlių st.	1091.6	53	Autobusai	53	08
665312	2-2821	514	B>A	Stotis–Pylimo–Kalvarijų g.–Fabijoniškės	1214	1214.2	-0.80000001	Rūdninkų st.	1217.7	3.7	Simono Stanevičiaus st.	1247.8	53	Autobusai	53	08
665313	2-333	998	B>A	Stotis–Pylimo–Kalvarijų g.–Fabijoniškės	721	721.15002	-0.30000001	Broniaus Laurinavičiaus skveras	741.90002	4.1999998	Pijaus Žadeikos st.	766.5	53	Autobusai	53	09
665313	2-333	998	B>A	Stotis–Pylimo–Kalvarijų g.–Fabijoniškės	819	818.28003	-0.2	Rūdninkų st.	823.29999	3.5999999	Simono Stanevičiaus st.	859.5	53	Autobusai	53	09
665313	2-333	998	A>B	Fabijoniškės–Kalvarijų–Pylimo g.–Stotis	873	874.52002	1	Pijaus Žadeikos st.	876.90002	4.3000002	Gėlių st.	915.40002	53	Autobusai	53	09
665313	2-333	998	A>B	Fabijoniškės–Kalvarijų–Pylimo g.–Stotis	970	971.14001	-0.2	Gelvonėlio st.	981.20001	3.2	Gėlių st.	1011.5	53	Autobusai	53	09
665313	2-333	998	A>B	Fabijoniškės–Kalvarijų–Pylimo g.–Stotis	1091	1091.65	0.1	Pijaus Žadeikos st.	1094.1	10	Vingriai	1136.9	53	Autobusai	53	09
665313	2-333	998	B>A	Stotis–Pylimo–Kalvarijų g.–Fabijoniškės	1135	1140.3199	4.1999998	Pamiškė	1177.2	7.0999999	Žaliasis tiltas	1154.3	53	Autobusai	53	09
665313	2-333	998	A>B	Fabijoniškės–Kalvarijų–Pylimo g.–Stotis	1209	1210.0699	-0.30000001	Pamiškė	1214.6	7	Gėlių st.	1251.1	53	Autobusai	53	09
665313	2-333	998	B>A	Stotis–Pylimo–Kalvarijų g.–Fabijoniškės	1344	1345.27	0.89999998	Trakų st.	1351.7	3.0999999	Žaliasis tiltas	1359.3	53	Autobusai	53	09
665466	2-1622	523	A>B	Fabijoniškės–Kalvarijų–Pylimo g.–Stotis	568	569.62	1.3	Pijaus Žadeikos st.	572.29999	3.4000001	Tauragnų st.	591.09998	53	Autobusai	53	10
665466	2-1622	523	A>B	Fabijoniškės–Kalvarijų–Pylimo g.–Stotis	790	791.95001	1.4	Liudo Giros st.	796.20001	5.3000002	Kalvarijų turgus	819.59998	53	Autobusai	53	10
665466	2-1622	523	A>B	Fabijoniškės–Kalvarijų–Pylimo g.–Stotis	892	893.83002	0.80000001	Liudo Giros st.	897.59998	4.4000001	Gėlių st.	934.59998	53	Autobusai	53	10
665466	2-1622	523	B>A	Stotis–Pylimo–Kalvarijų g.–Fabijoniškės	938	938.98999	-0.5	Broniaus Laurinavičiaus skveras	958.70001	4.4000001	Licėjus	969.20001	53	Autobusai	53	10
665466	2-1622	523	A>B	Fabijoniškės–Kalvarijų–Pylimo g.–Stotis	1017	1019.1	1.5	Pijaus Žadeikos st.	1021.6	6.5999999	Centro poliklinika	1057.3	53	Autobusai	53	10
665466	2-1622	523	B>A	Stotis–Pylimo–Kalvarijų g.–Fabijoniškės	1064	1064.98	1.2	Broniaus Laurinavičiaus skveras	1086.5	4.4000001	Licėjus	1095.2	53	Autobusai	53	10
665180	2-2396	498	B>A	Stotis–Lazdynai–Pilaitė	360	361.13	-3.0999999	Įsruties st.	391.20001	1.8	Stotis	361.79999	54	Autobusai	54	01-Ž
665180	2-2396	498	B>A	Stotis–Lazdynai–Pilaitė	830	829.90002	-0.40000001	Miškiniai	847.90002	3.9000001	Piliakalnio st.	863.29999	54	Autobusai	54	01-Ž
665299	2-262	622	A>B	Pilaitė–Lazdynai–Stotis	1010	1012.24	1.1	Statybininkų st.	1042.5	3.5999999	Vaivorykštės st.	1031.4	54	Autobusai	54	02
665205	2-10454	948	A>B	Lazdynai–Laisvės pr.–Fabijoniškės–Santariškės	324	327.95001	-0.30000001	Vaikų ligoninė	366.39999	4.0999999	Oslo st.	328.70001	55	Autobusai	55	01-Ž
665205	2-10454	948	A>B	Lazdynai–Laisvės pr.–Fabijoniškės–Santariškės	430	431.10999	0.40000001	Santariškės	473	4	Kaimelio st.	461.10001	55	Autobusai	55	01-Ž
665205	2-10454	948	A>B	Lazdynai–Laisvės pr.–Fabijoniškės–Santariškės	541	542.28998	0.60000002	Lazdynų ligoninė	541.59998	4.5999999	Mykolo Romerio universitetas	576.5	55	Autobusai	55	01-Ž
665205	2-10454	948	A>B	Lazdynai–Laisvės pr.–Fabijoniškės–Santariškės	677	677.75	0.30000001	Lazdynų ligoninė	677.29999	6.3000002	Ateities st.	717.09998	55	Autobusai	55	01-Ž
665205	2-10454	948	A>B	Lazdynai–Laisvės pr.–Fabijoniškės–Santariškės	791	791.77002	0.30000001	Lazdynų ligoninė	791.29999	6.6999998	Jeruzalė	835.70001	55	Autobusai	55	01-Ž
665205	2-10454	948	B>A	Santariškės–Fabijoniškės–Laisvės pr.–Lazdynai	848	848.34003	-0.5	Jeruzalė	855.79999	3.2	Pal. Jurgio Matulaičio bažnyčia	876	55	Autobusai	55	01-Ž
665205	2-10454	948	A>B	Lazdynai–Laisvės pr.–Fabijoniškės–Santariškės	1025	1026.47	-3.4000001	Muzikų st.	1066.2	2.2	Laisvės prospektas	1040.2	55	Autobusai	55	01-Ž
665205	2-10454	948	A>B	Lazdynai–Laisvės pr.–Fabijoniškės–Santariškės	1167	1168.09	-1.4	Muzikų st.	1210.3	4.3000002	Kaimelio st.	1198.5	55	Autobusai	55	01-Ž
665205	2-10454	948	A>B	Lazdynai–Laisvės pr.–Fabijoniškės–Santariškės	1280	1281.54	-1	Muzikų st.	1322.7	3.5	Spaudos rūmai	1299.5	55	Autobusai	55	01-Ž
665205	2-10454	948	B>A	Santariškės–Fabijoniškės–Laisvės pr.–Lazdynai	1330	1330.92	-3.2	Erfurto st.	1373.3	0.89999998	Muzikų st.	1332.7	55	Autobusai	55	01-Ž
665435	2-1939	963	A>B	Lazdynai–Laisvės pr.–Fabijoniškės–Santariškės	587	588.64001	0.60000002	Lazdynų ligoninė	587.59998	4.5999999	Sietyno st.	605.70001	55	Autobusai	55	02
665435	2-1939	963	B>A	Santariškės–Fabijoniškės–Laisvės pr.–Lazdynai	664	664.46997	-0.69999999	Erfurto st.	710.40002	3.2	Pal. Jurgio Matulaičio bažnyčia	692.09998	55	Autobusai	55	02
665435	2-1939	963	A>B	Lazdynai–Laisvės pr.–Fabijoniškės–Santariškės	720	720.78003	0	Lazdynų ligoninė	720	6.6999998	Kalvarijos	763.40002	55	Autobusai	55	02
665435	2-1939	963	B>A	Santariškės–Fabijoniškės–Laisvės pr.–Lazdynai	772	772.13	-0.30000001	Erfurto st.	818.90002	4.5	Viršuliškės	804.20001	55	Autobusai	55	02
665435	2-1939	963	A>B	Lazdynai–Laisvės pr.–Fabijoniškės–Santariškės	828	828.81	0.30000001	Lazdynų ligoninė	828.29999	3.5	Kalvarijos	868.29999	55	Autobusai	55	02
665435	2-1939	963	B>A	Santariškės–Fabijoniškės–Laisvės pr.–Lazdynai	880	880.69	0.2	Jeruzalė	888.59998	4.5	Viršuliškės	912.20001	55	Autobusai	55	02
665235	2-1802	767	A>B	Lazdynai–Laisvės pr.–Fabijoniškės–Santariškės	377	378.63	-1.4	Žaliųjų Ežerų st.	417.10001	3.0999999	Laisvės prospektas	393.10001	55	Autobusai	55	03
665235	2-1802	767	A>B	Lazdynai–Laisvės pr.–Fabijoniškės–Santariškės	488	489.66	0.40000001	Muzikų st.	533	3.5	Sietyno st.	505.60001	55	Autobusai	55	03
665235	2-1802	767	B>A	Santariškės–Fabijoniškės–Laisvės pr.–Lazdynai	577	577.70001	0.1	Rugių st.	588	3.0999999	Pal. Jurgio Matulaičio bažnyčia	604.29999	55	Autobusai	55	03
665235	2-1802	767	A>B	Lazdynai–Laisvės pr.–Fabijoniškės–Santariškės	633	634.69	1.1	Lazdynų ligoninė	634.09998	4	Laisvės prospektas	649.90002	55	Autobusai	55	03
665235	2-1802	767	A>B	Lazdynai–Laisvės pr.–Fabijoniškės–Santariškės	754	755.82001	1	Lazdynų ligoninė	755	6.3000002	Ateities st.	794	55	Autobusai	55	03
665235	2-1802	767	A>B	Lazdynai–Laisvės pr.–Fabijoniškės–Santariškės	872	872.34003	-0.30000001	Lazdynų ligoninė	871.70001	5.0999999	Kalvarijos	913.90002	55	Autobusai	55	03
665235	2-1802	767	A>B	Lazdynai–Laisvės pr.–Fabijoniškės–Santariškės	980	980.40002	-0.1	Lazdynų ligoninė	979.90002	4.8000002	Antano Jonyno st.	1012.7	55	Autobusai	55	03
665318	2-1074	9303	A>B	Fabijoniškės–Šeškinė–Konstitucijos pr.–Centras	333	336.31	1.4	Pamiškė	341	3.2	Saltoniškės	353.60001	56	Autobusai	56	01-ž
665318	2-1074	9303	B>A	Centras–Konstitucijos pr.–Šeškinė–Fabijoniškės	366	369.10999	-2.4000001	Pijaus Žadeikos st.	388.60001	3.5	Lukiškės	370.5	56	Autobusai	56	01-ž
665318	2-1074	9303	B>A	Centras–Konstitucijos pr.–Šeškinė–Fabijoniškės	498	502.48001	0.60000002	Pijaus Žadeikos st.	523.5	4.9000001	Lukiškės	503.89999	56	Autobusai	56	01-ž
665318	2-1074	9303	A>B	Fabijoniškės–Šeškinė–Konstitucijos pr.–Centras	642	643.29999	0.1	Pamiškė	648.79999	6.1999998	Šeškinės kalvos	660.90002	56	Autobusai	56	01-ž
665318	2-1074	9303	A>B	Fabijoniškės–Šeškinė–Konstitucijos pr.–Centras	787	787.65997	-1.2	Pamiškė	792.5	4.9000001	Operos ir baleto teatras	818.40002	56	Autobusai	56	01-ž
665318	2-1074	9303	A>B	Fabijoniškės–Šeškinė–Konstitucijos pr.–Centras	930	930.81	0.2	Pijaus Žadeikos st.	933	4	Operos ir baleto teatras	960.5	56	Autobusai	56	01-ž
665318	2-1074	9303	A>B	Fabijoniškės–Šeškinė–Konstitucijos pr.–Centras	1187	1186.71	-0.69999999	Pijaus Žadeikos st.	1189.2	6.5	Operos ir baleto teatras	1218.6	56	Autobusai	56	01-ž
665318	2-1074	9303	B>A	Centras–Konstitucijos pr.–Šeškinė–Fabijoniškės	1219	1221.53	-0.40000001	Pijaus Žadeikos st.	1243.5	3.5999999	Europos aikštė	1231.4	56	Autobusai	56	01-ž
665344	2-2182	9318	A>B	Fabijoniškės–Šeškinė–Konstitucijos pr.–Centras	611	611.84003	-0.40000001	Liudo Giros st.	616.29999	3.3	Šeškinės kalvos	627	56	Autobusai	56	02
665344	2-2182	9318	A>B	Fabijoniškės–Šeškinė–Konstitucijos pr.–Centras	680	681.33002	-0.2	Liudo Giros st.	685.5	4.0999999	Žaliasis tiltas	708.5	56	Autobusai	56	02
665344	2-2182	9318	A>B	Fabijoniškės–Šeškinė–Konstitucijos pr.–Centras	896	899.04999	0.60000002	Pamiškė	903.29999	4.3000002	Šeškinės kalvos	913	56	Autobusai	56	02
665344	2-2182	9318	B>A	Centras–Konstitucijos pr.–Šeškinė–Fabijoniškės	1075	1077.21	0.60000002	Pijaus Žadeikos st.	1102.5	3.0999999	Operos ir baleto teatras	1082.3	56	Autobusai	56	02
665344	2-2182	9318	B>A	Centras–Konstitucijos pr.–Šeškinė–Fabijoniškės	1313	1315.42	0.1	Pijaus Žadeikos st.	1338	3.5999999	Europos aikštė	1325.4	56	Autobusai	56	02
665269	2-1723	188	B>A	Bajorai–Jeruzalė–Ateities g.–Fabijoniškės	333	335.79001	-1.1	Liudo Giros st.	353.79999	3.5999999	Chemijos institutas	342.60001	57	Autobusai	57	01
665269	2-1723	188	B>A	Bajorai–Jeruzalė–Ateities g.–Fabijoniškės	393	394.76999	-0.60000002	Liudo Giros st.	414.20001	3.7	Chemijos institutas	402.70001	57	Autobusai	57	01
665269	2-1723	188	B>A	Bajorai–Jeruzalė–Ateities g.–Fabijoniškės	713	714.02002	0.1	Liudo Giros st.	735	3.0999999	Chemijos institutas	722.09998	57	Autobusai	57	01
665269	2-1723	188	A>B	Fabijoniškės–Ateities g.–Jeruzalė–Bajorai	749	750	-0.1	Mykolo Romerio universitetas	756.79999	3.2	Bajorų miškas	775	57	Autobusai	57	01
665269	2-1723	188	B>A	Bajorai–Jeruzalė–Ateities g.–Fabijoniškės	773	775.95001	1.7	Rugių st.	791.5	3.5999999	Akademijos st.	785.59998	57	Autobusai	57	01
665269	2-1723	188	A>B	Fabijoniškės–Ateities g.–Jeruzalė–Bajorai	929	932.87	0	Kalvarijos	941.90002	3.8	Fabijoniškių žiedas	933.40002	57	Autobusai	57	01
665269	2-1723	188	A>B	Fabijoniškės–Ateities g.–Jeruzalė–Bajorai	1189	1193.45	-1.3	Mokslininkų st.	1209.4	4.4000001	Fabijoniškių žiedas	1194	57	Autobusai	57	01
665193	2-1011	78	B>A	Guriai–Kalnėnai–Minsko pl.–Dzūkų g.–Stotis	400	403.34	2.3	Liepkalnis	417.10001	4.4000001	Pelesos st.	424.89999	58	Autobusai	58	01
665193	2-1011	78	A>B	Stotis–Dzūkų g.–Minsko pl.–Kalnėnai–Guriai	639	643.62	2.8	Pelesos st.	646.29999	4.0999999	Guriai	664.40002	58	Autobusai	58	01
665193	2-1011	78	B>A	Guriai–Kalnėnai–Minsko pl.–Dzūkų g.–Stotis	670	672.29999	1.2	Žirnių st.	683.40002	3.7	Pelesos st.	694.20001	58	Autobusai	58	01
665193	2-1011	78	B>A	Guriai–Kalnėnai–Minsko pl.–Dzūkų g.–Stotis	730	729.94	-0.40000001	Kalnėnai	737	4.5	Pelesos st.	755	58	Autobusai	58	01
665193	2-1011	78	A>B	Stotis–Dzūkų g.–Minsko pl.–Kalnėnai–Guriai	759	762.33002	2	Pelesos st.	765.40002	6	Guriai	786.29999	58	Autobusai	58	01
665193	2-1011	78	A>B	Stotis–Dzūkų g.–Minsko pl.–Kalnėnai–Guriai	824	825.82001	0.2	Pelesos st.	828.59998	3.4000001	Guriai	848.70001	58	Autobusai	58	01
665193	2-1011	78	A>B	Stotis–Dzūkų g.–Minsko pl.–Kalnėnai–Guriai	884	888.25	2.2	Gurių sodai	910.90002	3.3	Stotis	887.29999	58	Autobusai	58	01
665193	2-1011	78	A>B	Stotis–Dzūkų g.–Minsko pl.–Kalnėnai–Guriai	1004	1007.02	1.6	Pelesos st.	1010.1	3.0999999	Liepkalnis	1018.3	58	Autobusai	58	01
665324	2-3188	505	A>B	Grigiškės–Lazdynai–Laisvės pr.–Žvėrynas	436	436.95001	-0.40000001	Riešutų st.	456.89999	4.9000001	Karoliniškės	467.89999	59	Autobusai	59	01-Ž
665423	2-1022	506	A>B	Grigiškės–Lazdynai–Laisvės pr.–Žvėrynas	507	534.12	24.6	Kovo 11-osios st.	537.5	25.1	Grigiškės	534.59998	59	Autobusai	59	01-Ž
665423	2-1022	506	B>A	Žvėrynas–Laisvės pr.–Lazdynai–Grigiškės	585	583.94	-0.89999998	Teodoro Narbuto st.	588.59998	4.4000001	Salos	620.5	59	Autobusai	59	01-Ž
665423	2-1022	506	A>B	Grigiškės–Lazdynai–Laisvės pr.–Žvėrynas	617	621.96997	5.0999999	Kunigiškių st.	623.59998	7.1999998	Teodoro Narbuto st.	654.70001	59	Autobusai	59	01-Ž
665423	2-1022	506	A>B	Grigiškės–Lazdynai–Laisvės pr.–Žvėrynas	698	700.37	2.9000001	Kunigiškių st.	702.40002	6.1999998	Teodoro Narbuto st.	734.70001	59	Autobusai	59	01-Ž
665423	2-1022	506	A>B	Grigiškės–Lazdynai–Laisvės pr.–Žvėrynas	781	782.78003	1.9	Kunigiškių st.	784.40002	8.3000002	Teodoro Narbuto st.	819.90002	59	Autobusai	59	01-Ž
665423	2-1022	506	B>A	Žvėrynas–Laisvės pr.–Lazdynai–Grigiškės	829	830.10999	1.2	Ąžuolo st.	846.29999	3.5999999	Vandenvala	855.29999	59	Autobusai	59	01-Ž
665423	2-1022	506	B>A	Žvėrynas–Laisvės pr.–Lazdynai–Grigiškės	917	919.65002	2.7	Ąžuolo st.	935.40002	4.5	Vandenvala	943.90002	59	Autobusai	59	01-Ž
665423	2-1022	506	A>B	Grigiškės–Lazdynai–Laisvės pr.–Žvėrynas	948	952.71002	3.9000001	Erfurto st.	969.40002	5	Šviesos st.	953	59	Autobusai	59	01-Ž
665423	2-1022	506	A>B	Grigiškės–Lazdynai–Laisvės pr.–Žvėrynas	1035	1038.5	3	Riešutų st.	1059.4	4.1999998	Teodoro Narbuto st.	1069.7	59	Autobusai	59	01-Ž
665423	2-1022	506	B>A	Žvėrynas–Laisvės pr.–Lazdynai–Grigiškės	1109	1112.04	3.3	Ąžuolo st.	1128.1	5.1999998	Vandenvala	1136.6	59	Autobusai	59	01-Ž
665423	2-1022	506	A>B	Grigiškės–Lazdynai–Laisvės pr.–Žvėrynas	1140	1145.25	3.2	Laisvės prospektas	1172.2	5.5999999	Kovo 11-osios st.	1150	59	Autobusai	59	01-Ž
665423	2-1022	506	B>A	Žvėrynas–Laisvės pr.–Lazdynai–Grigiškės	1257	1258.98	1.9	Ąžuolo st.	1274.7	3.3	Vandenvala	1282.7	59	Autobusai	59	01-Ž
665423	2-1022	506	A>B	Grigiškės–Lazdynai–Laisvės pr.–Žvėrynas	1288	1290.59	2.5	Laisvės prospektas	1319.5	4.5	Vandenvala	1306.7	59	Autobusai	59	01-Ž
665520	2-2380	153	B>A	Žvėrynas–Laisvės pr.–Lazdynai–Grigiškės	966	982.34003	13.9	Ąžuolo st.	995.70001	16.799999	Žvėryno žiedas	983.09998	59	Autobusai	59	02
665520	2-2380	153	A>B	Grigiškės–Lazdynai–Laisvės pr.–Žvėrynas	997	1014.53	17.200001	Laisvės prospektas	1043.2	18.5	Kovo 11-osios st.	1019.9	59	Autobusai	59	02
665520	2-2380	153	B>A	Žvėrynas–Laisvės pr.–Lazdynai–Grigiškės	1039	1046.42	6.5	Ryto st.	1059.9	8.1999998	Salos	1078	59	Autobusai	59	02
665520	2-2380	153	A>B	Grigiškės–Lazdynai–Laisvės pr.–Žvėrynas	1070	1079.25	9.1999998	Ąžuolo st.	1101.7	10.4	Kovo 11-osios st.	1084.8	59	Autobusai	59	02
665253	2-2449	178	B>A	Saulėtekis–Ozo g.–Pašilaičiai	686	686.90002	0.1	Siesikų st.	709	3.0999999	Justiniškės	716.5	5G	Autobusai	5G	01-ž
665253	2-2449	178	A>B	Pašilaičiai–Ozo g.–Saulėtekis	808	808.28998	0.1	Medeinos st.	810.5	6.4000001	Saulėtekis	842.29999	5G	Autobusai	5G	01-ž
665253	2-2449	178	A>B	Pašilaičiai–Ozo g.–Saulėtekis	888	887.06	-1	Skalvių st.	887.90002	6.5999999	Saulėtekis	922.59998	5G	Autobusai	5G	01-ž
665253	2-2449	178	B>A	Saulėtekis–Ozo g.–Pašilaičiai	927	931.01001	4	Gedimino technikos universitetas	933.5	8.1999998	Justiniškės	962.59998	5G	Autobusai	5G	01-ž
665253	2-2449	178	A>B	Pašilaičiai–Ozo g.–Saulėtekis	968	967.52002	-1.5	Siesikų st.	980.20001	6.6999998	Gedimino technikos universitetas	1004	5G	Autobusai	5G	01-ž
665253	2-2449	178	B>A	Saulėtekis–Ozo g.–Pašilaičiai	1008	1007.04	-1.3	Vilniaus universitetas	1010	3.8	Justiniškės	1039.2	5G	Autobusai	5G	01-ž
665253	2-2449	178	A>B	Pašilaičiai–Ozo g.–Saulėtekis	1158	1157.58	-0.60000002	Medeinos st.	1159.8	3.2	Saulėtekis	1187.1	5G	Autobusai	5G	01-ž
665462	2-17496	4015	A>B	Pašilaičiai–Ozo g.–Saulėtekis	675	675.40997	-0.2	Buivydiškių st.	685.5	3.7	Saulėtekis	706.70001	5G	Autobusai	5G	02
665462	2-17496	4015	A>B	Pašilaičiai–Ozo g.–Saulėtekis	776	777.26001	0.89999998	Siesikų st.	790.59998	4.1999998	Saulėtekis	808.09998	5G	Autobusai	5G	02
665462	2-17496	4015	A>B	Pašilaičiai–Ozo g.–Saulėtekis	895	896.71002	1.6	Medeinos st.	899	6.4000001	Lizdeikos st.	925.59998	5G	Autobusai	5G	02
665462	2-17496	4015	A>B	Pašilaičiai–Ozo g.–Saulėtekis	976	976.26001	-1.1	Rygos st.	984.40002	4.5	Saulėtekis	1008	5G	Autobusai	5G	02
665200	2-579	4011	A>B	Pašilaičiai–Ozo g.–Saulėtekis	650	651.62	0.40000001	Licėjus	669	3.0999999	Lizdeikos st.	677.29999	5G	Autobusai	5G	03
665200	2-579	4011	B>A	Saulėtekis–Ozo g.–Pašilaičiai	718	719.96002	1	Pramogų arena	735.09998	4	Justiniškės	749.40002	5G	Autobusai	5G	03
665200	2-579	4011	A>B	Pašilaičiai–Ozo g.–Saulėtekis	756	756.91998	-0.80000001	Rygos st.	764.59998	3.0999999	Lizdeikos st.	783.29999	5G	Autobusai	5G	03
665200	2-579	4011	B>A	Saulėtekis–Ozo g.–Pašilaičiai	793	794.35999	0.89999998	Pramogų arena	810	4	Justiniškės	824.40002	5G	Autobusai	5G	03
665200	2-579	4011	A>B	Pašilaičiai–Ozo g.–Saulėtekis	831	833.35999	2.2	Skalvių st.	834.20001	9	Lizdeikos st.	864.20001	5G	Autobusai	5G	03
665200	2-579	4011	B>A	Saulėtekis–Ozo g.–Pašilaičiai	878	871.45001	-7	Senoji plytinė	872	3.4000001	Justiniškės	908.79999	5G	Autobusai	5G	03
665200	2-579	4011	A>B	Pašilaičiai–Ozo g.–Saulėtekis	1000	999.91998	-0.2	Skalvių st.	1000.7	6.9000001	Saulėtekis	1034.3	5G	Autobusai	5G	03
665200	2-579	4011	A>B	Pašilaičiai–Ozo g.–Saulėtekis	1083	1082.71	-0.30000001	Skalvių st.	1083.7	6.6999998	Saulėtekis	1115.7	5G	Autobusai	5G	03
665200	2-579	4011	A>B	Pašilaičiai–Ozo g.–Saulėtekis	1191	1191	-0.40000001	Buivydiškių st.	1201.3	3.3	Saulėtekis	1220.3	5G	Autobusai	5G	03
665256	2-1395	999	A>B	Pašilaičiai–Ozo g.–Saulėtekis	552	552.78003	0.60000002	Skalvių st.	553.5	6.8000002	Saulėtekis	586.29999	5G	Autobusai	5G	04-ž
665256	2-1395	999	A>B	Pašilaičiai–Ozo g.–Saulėtekis	658	658.04999	-1	Buivydiškių st.	667.59998	4.3000002	Saulėtekis	690.20001	5G	Autobusai	5G	04-ž
665256	2-1395	999	B>A	Saulėtekis–Ozo g.–Pašilaičiai	727	728.02002	-0.30000001	Pramogų arena	742.90002	5.5999999	Justiniškės	760	5G	Autobusai	5G	04-ž
665256	2-1395	999	A>B	Pašilaičiai–Ozo g.–Saulėtekis	766	766.26001	0.1	Medeinos st.	768.5	4.8000002	Saulėtekis	798.70001	5G	Autobusai	5G	04-ž
665256	2-1395	999	B>A	Saulėtekis–Ozo g.–Pašilaičiai	804	806.71997	1	Pramogų arena	821.09998	5.1999998	Justiniškės	836.59998	5G	Autobusai	5G	04-ž
665256	2-1395	999	A>B	Pašilaičiai–Ozo g.–Saulėtekis	842	842.21997	-0.1	Licėjus	860.5	3.9000001	Saulėtekis	873.79999	5G	Autobusai	5G	04-ž
665256	2-1395	999	A>B	Pašilaičiai–Ozo g.–Saulėtekis	929	929.09003	-0.40000001	Siesikų st.	942.29999	4.5999999	Lizdeikos st.	957.79999	5G	Autobusai	5G	04-ž
665256	2-1395	999	A>B	Pašilaičiai–Ozo g.–Saulėtekis	1009	1009.14	-0.80000001	Siesikų st.	1021.8	5.1999998	Gedimino technikos universitetas	1043.5	5G	Autobusai	5G	04-ž
665256	2-1395	999	A>B	Pašilaičiai–Ozo g.–Saulėtekis	1093	1093.05	-0.1	Skalvių st.	1093.8	8	Saulėtekis	1127	5G	Autobusai	5G	04-ž
665256	2-1395	999	B>A	Saulėtekis–Ozo g.–Pašilaičiai	1134	1134.33	0.1	Pramogų arena	1150.2	3.5999999	Justiniškės	1165	5G	Autobusai	5G	04-ž
665256	2-1395	999	A>B	Pašilaičiai–Ozo g.–Saulėtekis	1173	1173.03	-0.1	Rygos st.	1182.4	3.5	Lizdeikos st.	1198.7	5G	Autobusai	5G	04-ž
665256	2-1395	999	A>B	Pašilaičiai–Ozo g.–Saulėtekis	1273	1277.28	0.89999998	Medeinos st.	1276	8.8999996	Saulėtekis	1307.4	5G	Autobusai	5G	04-ž
665304	2-17405	4014	A>B	Pašilaičiai–Ozo g.–Saulėtekis	881	881.39001	-0.60000002	Siesikų st.	894.09998	4.1999998	Gedimino technikos universitetas	915	5G	Autobusai	5G	05
665304	2-17405	4014	B>A	Saulėtekis–Ozo g.–Pašilaičiai	921	920.90997	-1.2	Pramogų arena	935.90002	3.5999999	Justiniškės	952	5G	Autobusai	5G	05
665304	2-17405	4014	A>B	Pašilaičiai–Ozo g.–Saulėtekis	1036	1036.78	0.69999999	Skalvių st.	1037.7	4.0999999	Kareivių st.	1062	5G	Autobusai	5G	05
665304	2-17405	4014	B>A	Saulėtekis–Ozo g.–Pašilaičiai	1277	1279.84	-1.9	Medeinos st.	1306.1	3.5999999	Senoji plytinė	1281.7	5G	Autobusai	5G	05
665474	2-1381	517	B>A	Saulėtekis–Ozo g.–Pašilaičiai	569	569.42999	-0.1	Gedimino technikos universitetas	571.29999	3.3	Justiniškės	599.70001	5G	Autobusai	5G	06
665474	2-1381	517	A>B	Pašilaičiai–Ozo g.–Saulėtekis	607	607.27002	0.2	Skalvių st.	608.09998	5.6999998	Gedimino technikos universitetas	642	5G	Autobusai	5G	06
665474	2-1381	517	A>B	Pašilaičiai–Ozo g.–Saulėtekis	684	684.15997	0	Medeinos st.	686.40002	7.3000002	Saulėtekis	719.29999	5G	Autobusai	5G	06
665474	2-1381	517	A>B	Pašilaičiai–Ozo g.–Saulėtekis	792	792.73999	0.60000002	Medeinos st.	795	8.8999996	Saulėtekis	828.79999	5G	Autobusai	5G	06
665474	2-1381	517	A>B	Pašilaičiai–Ozo g.–Saulėtekis	911	910.53998	-0.89999998	Licėjus	928.70001	6.1999998	Saulėtekis	945.20001	5G	Autobusai	5G	06
665474	2-1381	517	A>B	Pašilaičiai–Ozo g.–Saulėtekis	991	990.78003	-0.30000001	Skalvių st.	991.59998	5	Saulėtekis	1023.5	5G	Autobusai	5G	06
665474	2-1381	517	A>B	Pašilaičiai–Ozo g.–Saulėtekis	1074	1074.75	0.69999999	Skalvių st.	1075.7	9.1000004	Gedimino technikos universitetas	1111	5G	Autobusai	5G	06
665293	2-2913	470	A>B	Pašilaičiai–Ozo g.–Saulėtekis	528	527.31	-0.89999998	Medeinos st.	529.5	3.8	Lizdeikos st.	555.5	5G	Autobusai	5G	07
665293	2-2913	470	A>B	Pašilaičiai–Ozo g.–Saulėtekis	709	709.07001	-0.2	Justiniškės	715.40002	7.8000002	Saulėtekis	744.79999	5G	Autobusai	5G	07
665293	2-2913	470	B>A	Saulėtekis–Ozo g.–Pašilaičiai	746	748.29999	1.4	Pramogų arena	763.59998	4.6999998	Justiniškės	778.09998	5G	Autobusai	5G	07
665293	2-2913	470	A>B	Pašilaičiai–Ozo g.–Saulėtekis	784	784.66998	0.40000001	Medeinos st.	786.90002	7.5999999	Saulėtekis	819.5	5G	Autobusai	5G	07
665293	2-2913	470	A>B	Pašilaičiai–Ozo g.–Saulėtekis	865	865.90002	0.2	Rygos st.	874.59998	7.1999998	Gedimino technikos universitetas	902.09998	5G	Autobusai	5G	07
665293	2-2913	470	B>A	Saulėtekis–Ozo g.–Pašilaičiai	902	902.97998	0.89999998	Saulėtekis	907.90002	4.8000002	Justiniškės	934.20001	5G	Autobusai	5G	07
665293	2-2913	470	A>B	Pašilaičiai–Ozo g.–Saulėtekis	940	942.5	2.4000001	Skalvių st.	943.29999	9.8999996	Gedimino technikos universitetas	979.70001	5G	Autobusai	5G	07
665293	2-2913	470	B>A	Saulėtekis–Ozo g.–Pašilaičiai	979	980.96002	1.7	Vilniaus universitetas	984	5.9000001	Justiniškės	1012.3	5G	Autobusai	5G	07
665293	2-2913	470	A>B	Pašilaičiai–Ozo g.–Saulėtekis	1017	1017.14	-0.1	Medeinos st.	1019.3	5.0999999	Saulėtekis	1049.5	5G	Autobusai	5G	07
665293	2-2913	470	A>B	Pašilaičiai–Ozo g.–Saulėtekis	1125	1124.8	-0.30000001	Medeinos st.	1127	3.9000001	Gedimino technikos universitetas	1156.7	5G	Autobusai	5G	07
665293	2-2913	470	B>A	Saulėtekis–Ozo g.–Pašilaičiai	1189	1188.04	-3.7	Pramogų arena	1201.4	-0.5	Justiniškės	1215.9	5G	Autobusai	5G	07
665489	2-280	745	A>B	Pašilaičiai–Ozo g.–Saulėtekis	667	668.77002	1.6	Medeinos st.	671	3.8	Saulėtekis	698.79999	5G	Autobusai	5G	08
665489	2-280	745	A>B	Pašilaičiai–Ozo g.–Saulėtekis	748	748.15002	-1	Buivydiškių st.	757.59998	4.1999998	Gedimino technikos universitetas	782	5G	Autobusai	5G	08
665489	2-280	745	B>A	Saulėtekis–Ozo g.–Pašilaičiai	813	812.62	-3.2	Siesikų st.	832.79999	-0.5	Kareivių st.	823.09998	5G	Autobusai	5G	08
665489	2-280	745	A>B	Pašilaičiai–Ozo g.–Saulėtekis	851	853.81	1.7	Rygos st.	862.20001	8.1999998	Saulėtekis	887.20001	5G	Autobusai	5G	08
665489	2-280	745	A>B	Pašilaičiai–Ozo g.–Saulėtekis	951	952.5	1.4	Skalvių st.	953.29999	6.6999998	Gedimino technikos universitetas	987	5G	Autobusai	5G	08
665489	2-280	745	B>A	Saulėtekis–Ozo g.–Pašilaičiai	988	990.66998	1.7	Pramogų arena	1005.8	4.1999998	Justiniškės	1019.6	5G	Autobusai	5G	08
665489	2-280	745	A>B	Pašilaičiai–Ozo g.–Saulėtekis	1027	1028.85	1.2	Justiniškės	1034.8	7.9000001	Vilniaus universitetas	1063.5	5G	Autobusai	5G	08
665489	2-280	745	B>A	Saulėtekis–Ozo g.–Pašilaičiai	1064	1065.1801	0.89999998	Vilniaus universitetas	1068.2	3.3	Kareivių st.	1078	5G	Autobusai	5G	08
665489	2-280	745	A>B	Pašilaičiai–Ozo g.–Saulėtekis	1103	1103.38	-0.2	Rygos st.	1112.3	5.4000001	Gedimino technikos universitetas	1136.3	5G	Autobusai	5G	08
665384	2-1914	748	A>B	Pašilaičiai–Ozo g.–Saulėtekis	415	416.88	1.1	Siesikų st.	429.39999	4	Saulėtekis	445.89999	5G	Autobusai	5G	09
665384	2-1914	748	B>A	Saulėtekis–Ozo g.–Pašilaičiai	527	528.08002	0.69999999	Vilniaus universitetas	531.09998	4.6999998	Justiniškės	559	5G	Autobusai	5G	09
665384	2-1914	748	A>B	Pašilaičiai–Ozo g.–Saulėtekis	565	565.42999	0.30000001	Skalvių st.	566.20001	5.4000001	Lizdeikos st.	594.09998	5G	Autobusai	5G	09
665384	2-1914	748	A>B	Pašilaičiai–Ozo g.–Saulėtekis	738	738.51001	0.40000001	Skalvių st.	739.29999	9.1999998	Saulėtekis	775.20001	5G	Autobusai	5G	09
665384	2-1914	748	A>B	Pašilaičiai–Ozo g.–Saulėtekis	819	819.95001	0.80000001	Skalvių st.	820.79999	7.0999999	Saulėtekis	854.09998	5G	Autobusai	5G	09
665384	2-1914	748	A>B	Pašilaičiai–Ozo g.–Saulėtekis	902	903.54999	1.3	Medeinos st.	905.70001	8.6999998	Kareivių st.	934	5G	Autobusai	5G	09
665384	2-1914	748	A>B	Pašilaičiai–Ozo g.–Saulėtekis	1066	1067.6899	1.9	Licėjus	1086.2	5.8000002	Lizdeikos st.	1097	5G	Autobusai	5G	09
665384	2-1914	748	B>A	Saulėtekis–Ozo g.–Pašilaičiai	1104	1104.63	0.60000002	Licėjus	1123.4	9.8000002	Taikos st.	1146.1	5G	Autobusai	5G	09
665322	2-2735	9201	A>B	Stotis–Nemėžis–Kuprioniškės	506	507.57001	-17.299999	Stotis	488.70001	0.60000002	Liepkalnis	511.5	61	Autobusai	61	01-mt
665322	2-2735	9201	A>B	Stotis–Nemėžis–Kuprioniškės	700	701.38	-14.2	Stotis	685.79999	1	Liepkalnis	705.90002	61	Autobusai	61	01-mt
665322	2-2735	9201	A>B	Stotis–Nemėžis–Kuprioniškės	936	938.84998	1.2	Vyturių st.	961.70001	4.5	Žirnių st.	949.20001	61	Autobusai	61	01-mt
665461	2-193	760	A>B	Žalgirio–Kalvarijų–Žaliųjų Ežerų g.–Europos parkas–Skirgiškės	980	982.79999	0.80000001	Petro Baublio st.	1000.4	3.8	Tauragnų st.	986	66	Autobusai	66	02
665199	2-1085	974	A>B	Parko–Pramonės g.–Mickūnai	348	349.14999	1	Naujosios Vilnios žiedas	349	3.3	Lyta	367.79999	67	Autobusai	67	01
665199	2-1085	974	A>B	Parko–Pramonės g.–Mickūnai	396	397.73999	1.5	Naujosios Vilnios žiedas	397.60001	3.4000001	Pramonės st.	404.79999	67	Autobusai	67	01
665199	2-1085	974	B>A	Mickūnai–Pramonės–Parko g.	421	422.01999	1	Mickūnai	422.10001	3.5	Naujoji Vilnia	432.29999	67	Autobusai	67	01
665199	2-1085	974	A>B	Parko–Pramonės g.–Mickūnai	450	452.45999	1.8	Verbų st.	462.70001	3.7	Genių st.	455.29999	67	Autobusai	67	01
665199	2-1085	974	B>A	Mickūnai–Pramonės–Parko g.	479	480.32001	0.60000002	Mickūnai	479.70001	3.2	Naujoji Vilnia	490.20001	67	Autobusai	67	01
665199	2-1085	974	A>B	Parko–Pramonės g.–Mickūnai	508	510.12	1.7	Naujosios Vilnios žiedas	509.79999	3.7	Genių st.	513.40002	67	Autobusai	67	01
665199	2-1085	974	A>B	Parko–Pramonės g.–Mickūnai	586	588.09003	1.8	Naujosios Vilnios žiedas	587.79999	4.1999998	Lyta	606.29999	67	Autobusai	67	01
665199	2-1085	974	A>B	Parko–Pramonės g.–Mickūnai	664	666.07001	1.9	Naujosios Vilnios žiedas	665.90002	5	Pramonės st.	674.40002	67	Autobusai	67	01
665199	2-1085	974	A>B	Parko–Pramonės g.–Mickūnai	732	733.52002	1	Naujoji Vilnia	742.90002	3.2	Genių st.	736.90002	67	Autobusai	67	01
665199	2-1085	974	A>B	Parko–Pramonės g.–Mickūnai	857	858.82001	1.4	Naujosios Vilnios žiedas	858.5	4.0999999	Pramonės st.	866.40002	67	Autobusai	67	01
665199	2-1085	974	B>A	Mickūnai–Pramonės–Parko g.	1020	1021.27	0.5	Mickūnai	1020.6	4.5	Parko st.	1042.4	67	Autobusai	67	01
665199	2-1085	974	A>B	Parko–Pramonės g.–Mickūnai	1210	1214.26	4	Naujosios Vilnios žiedas	1214	5.8000002	Pramonės st.	1221.1	67	Autobusai	67	01
665201	2-2030	950	B>A	Grigiškės–Lentvaris–Mūrinė Vokė–Lazdynai	351	351.94	-3.5999999	Ąžuolo st.	384.79999	1	Žalioji st.	353.79999	68	Autobusai	68	01
665201	2-2030	950	A>B	Lazdynai–Mūrinė Vokė–Lentvaris–Grigiškės	589	589.77002	0.2	Žalioji st.	620.20001	3.2	Kauno plentas	600.90002	68	Autobusai	68	01
665430	2-10488	850	A>B	Lazdynai–Mūrinė Vokė–Lentvaris–Grigiškės	533	532.96002	-0.1	Lazdynų seniūnija	535.5	4.1999998	Kauno plentas	546	68	Autobusai	68	02
665188	2-726	782	B>A	Šiltnamių g.–Lazdynai–Žalgirio–Didlaukio–Ateities g.	738	738.31	0	Oslo st.	742	3.2	Baltupiai	780	69	Autobusai	69	01-ž
665188	2-726	782	A>B	Ateities–Didlaukio–Žalgirio g.–Lazdynai–Šiltnamių g.	895	896.14001	0.2	Didlaukio st.	898.40002	5.0999999	Panorama	922	69	Autobusai	69	01-ž
665188	2-726	782	B>A	Šiltnamių g.–Lazdynai–Žalgirio–Didlaukio–Ateities g.	1058	1057.47	-0.5	Šiltnamių žiedas	1057.7	3.5999999	Lietuvos edukologijos universitetas	1083.9	69	Autobusai	69	01-ž
665188	2-726	782	B>A	Šiltnamių g.–Lazdynai–Žalgirio–Didlaukio–Ateities g.	1193	1192.55	-0.40000001	Šiltnamių žiedas	1192.7	3.4000001	Naujakiemio st.	1231	69	Autobusai	69	01-ž
665188	2-726	782	A>B	Ateities–Didlaukio–Žalgirio g.–Lazdynai–Šiltnamių g.	1242	1242.26	0.30000001	Ateities st.	1242.5	3.9000001	Žalgirio st.	1256	69	Autobusai	69	01-ž
665498	2-365	727	B>A	Šiltnamių g.–Lazdynai–Žalgirio–Didlaukio–Ateities g.	666	666.23999	0.2	Šiltnamių žiedas	666.20001	8.3999996	Baltupiai	713.20001	69	Autobusai	69	02
665498	2-365	727	B>A	Šiltnamių g.–Lazdynai–Žalgirio–Didlaukio–Ateities g.	1145	1145.2	0.30000001	Šiltnamių žiedas	1145.3	4.6999998	Tauragnų st.	1182.4	69	Autobusai	69	02
665191	2-644	938	A>B	Parko–Olandų g.–Žaliasis tiltas	837	840.58002	2.3	Rudens st.	855.29999	4.4000001	Karaliaus Mindaugo tiltas	866.09998	6G	Autobusai	6G	01-ž
665191	2-644	938	B>A	Žaliasis tiltas–Olandų–Parko g.	866	866.75	1.7	Lvovo st.	870.5	3.0999999	Rudens st.	881.09998	6G	Autobusai	6G	01-ž
665191	2-644	938	A>B	Parko–Olandų g.–Žaliasis tiltas	1161	1163.15	2.3	Naujosios Vilnios žiedas	1163.3	3.5	Lelijų st.	1172.5	6G	Autobusai	6G	01-ž
665191	2-644	938	B>A	Žaliasis tiltas–Olandų–Parko g.	1189	1190.95	2	Respublikinė psichiatrijos ligoninė	1215.9	3.4000001	Polocko st.	1201.3	6G	Autobusai	6G	01-ž
665428	2-354	795	B>A	Žaliasis tiltas–Olandų–Parko g.	908	908.92999	0.1	Lvovo st.	911	4.3000002	Polocko st.	922.20001	6G	Autobusai	6G	02
665217	2-3098	958	B>A	Žaliasis tiltas–Olandų–Parko g.	879	877.53003	-3.2	Žaliasis tiltas	875.79999	-1.4	Polocko st.	887.5	6G	Autobusai	6G	03
665270	2-496	753	B>A	Žaliasis tiltas–Olandų–Parko g.	379	379.37	-3.5	Parko st.	401.89999	0.60000002	Žaliasis tiltas	379.79999	6G	Autobusai	6G	05-Ž
665270	2-496	753	B>A	Žaliasis tiltas–Olandų–Parko g.	445	444.12	-3.4000001	Parko st.	468.89999	-0.89999998	Žaliasis tiltas	444.10001	6G	Autobusai	6G	05-Ž
665270	2-496	753	B>A	Žaliasis tiltas–Olandų–Parko g.	513	510.81	-3.0999999	Respublikinė psichiatrijos ligoninė	535.70001	-1.4	Polocko st.	521.40002	6G	Autobusai	6G	05-Ž
665270	2-496	753	B>A	Žaliasis tiltas–Olandų–Parko g.	581	579.96002	-3.2	Parko st.	605	-1	Polocko st.	589.79999	6G	Autobusai	6G	05-Ž
665270	2-496	753	B>A	Žaliasis tiltas–Olandų–Parko g.	757	758.15002	0.89999998	Lvovo st.	760.90002	3.8	Polocko st.	770.59998	6G	Autobusai	6G	05-Ž
665471	2-10636	807	A>B	Parko–Olandų g.–Žaliasis tiltas	586	589.79999	0.69999999	Karaliaus Mindaugo tiltas	611.20001	3.8	Parko st.	590.70001	6G	Autobusai	6G	06
665471	2-10636	807	A>B	Parko–Olandų g.–Žaliasis tiltas	654	658.53003	1.1	Karaliaus Mindaugo tiltas	679.79999	4.5	Respublikinė psichiatrijos ligoninė	660.79999	6G	Autobusai	6G	06
665471	2-10636	807	A>B	Parko–Olandų g.–Žaliasis tiltas	742	745.29999	0.69999999	Rudens st.	758.70001	3.4000001	Naujosios Vilnios žiedas	745.90002	6G	Autobusai	6G	06
665471	2-10636	807	A>B	Parko–Olandų g.–Žaliasis tiltas	968	969.76001	-0.30000001	Karaliaus Mindaugo tiltas	992.40002	3.4000001	Lelijų st.	979.29999	6G	Autobusai	6G	06
665471	2-10636	807	A>B	Parko–Olandų g.–Žaliasis tiltas	1040	1042.78	2.7	Rudens st.	1058.7	4.5999999	Lelijų st.	1052.5	6G	Autobusai	6G	06
665345	2-2957	702	B>A	Lazdynai–Viršuliškės–Verkių g.–Šiaurės miestelis	385	385.60999	-0.5	Kareivių st.	416.60001	3.2	Siesikų st.	404.5	7	Autobusai	7	01-Ž
665345	2-2957	702	B>A	Lazdynai–Viršuliškės–Verkių g.–Šiaurės miestelis	470	470.54001	0.1	Kareivių st.	502.29999	3.5999999	Siesikų st.	489.89999	7	Autobusai	7	01-Ž
665345	2-2957	702	B>A	Lazdynai–Viršuliškės–Verkių g.–Šiaurės miestelis	672	673.60999	1.6	Riešutų st.	674.79999	11.6	Šiaurės miestelis	717.5	7	Autobusai	7	01-Ž
665345	2-2957	702	A>B	Šiaurės miestelis–Verkių g.–Viršuliškės–Lazdynai	752	753.34998	0.5	Autobusų parkas	761.20001	3.4000001	Šeškinės kalvos	769.90002	7	Autobusai	7	01-Ž
665345	2-2957	702	B>A	Lazdynai–Viršuliškės–Verkių g.–Šiaurės miestelis	791	793.26001	2.3	Riešutų st.	794.5	6.6999998	Šiaurės miestelis	831.70001	7	Autobusai	7	01-Ž
665345	2-2957	702	B>A	Lazdynai–Viršuliškės–Verkių g.–Šiaurės miestelis	883	881.40997	-1.1	Architektų st.	882	4.4000001	Šiaurės miestelis	921.29999	7	Autobusai	7	01-Ž
665345	2-2957	702	A>B	Šiaurės miestelis–Verkių g.–Viršuliškės–Lazdynai	935	934.51001	-0.80000001	Žirmūnai	937.79999	3.3	Šalnos st.	975.40002	7	Autobusai	7	01-Ž
665345	2-2957	702	B>A	Lazdynai–Viršuliškės–Verkių g.–Šiaurės miestelis	974	977.59003	3.8	Architektų st.	977.79999	10.3	Šiaurės miestelis	1018.3	7	Autobusai	7	01-Ž
665345	2-2957	702	A>B	Šiaurės miestelis–Verkių g.–Viršuliškės–Lazdynai	1020	1022.1	1.4	Povilo Lukšio st.	1021.5	4.0999999	Šalnos st.	1061.7	7	Autobusai	7	01-Ž
665345	2-2957	702	B>A	Lazdynai–Viršuliškės–Verkių g.–Šiaurės miestelis	1059	1063.39	3.3	Kareivių st.	1094.5	6.8000002	Siesikų st.	1082.1	7	Autobusai	7	01-Ž
665345	2-2957	702	B>A	Lazdynai–Viršuliškės–Verkių g.–Šiaurės miestelis	1141	1143.59	2	Pramogų arena	1168.7	4.6999998	Siesikų st.	1162	7	Autobusai	7	01-Ž
665345	2-2957	702	A>B	Šiaurės miestelis–Verkių g.–Viršuliškės–Lazdynai	1207	1206.84	-0.89999998	Žirmūnų seniūnija	1213.1	5.5	Laisvės prospektas	1241.4	7	Autobusai	7	01-Ž
665345	2-2957	702	B>A	Lazdynai–Viršuliškės–Verkių g.–Šiaurės miestelis	1245	1250.92	4.9000001	Žirmūnų seniūnija	1280.5	6.8000002	Vaikų kaimas	1267.2	7	Autobusai	7	01-Ž
665345	2-2957	702	A>B	Šiaurės miestelis–Verkių g.–Viršuliškės–Lazdynai	1292	1292.09	-0.60000002	Kareivių st.	1296.5	3.5999999	Siesikų st.	1312.8	7	Autobusai	7	01-Ž
665372	2-964	773	A>B	Šiaurės miestelis–Verkių g.–Viršuliškės–Lazdynai	387	388.17999	0.1	Karoliniškės	417.89999	3.0999999	Šeškinės kalvos	404.5	7	Autobusai	7	02
665372	2-964	773	A>B	Šiaurės miestelis–Verkių g.–Viršuliškės–Lazdynai	472	473.38	0.30000001	Verkių st.	482.60001	3.7	Šeškinės kalvos	490.20001	7	Autobusai	7	02
665372	2-964	773	A>B	Šiaurės miestelis–Verkių g.–Viršuliškės–Lazdynai	667	668.08002	0.1	Kareivių st.	672.09998	4.3000002	Šeškinės kalvos	685.79999	7	Autobusai	7	02
665372	2-964	773	B>A	Lazdynai–Viršuliškės–Verkių g.–Šiaurės miestelis	706	707.31	1.3	Ąžuolo st.	709.5	6.6999998	Šiaurės miestelis	746.59998	7	Autobusai	7	02
665372	2-964	773	B>A	Lazdynai–Viršuliškės–Verkių g.–Šiaurės miestelis	817	816.92999	0	Ąžuolo st.	819.20001	4.9000001	Šiaurės miestelis	855.90002	7	Autobusai	7	02
665372	2-964	773	A>B	Šiaurės miestelis–Verkių g.–Viršuliškės–Lazdynai	870	872.03998	0.40000001	Povilo Lukšio st.	870.5	5.9000001	Siesikų st.	893.20001	7	Autobusai	7	02
665372	2-964	773	B>A	Lazdynai–Viršuliškės–Verkių g.–Šiaurės miestelis	909	914.06	5.5999999	Riešutų st.	915.70001	7.4000001	Šiaurės miestelis	950.29999	7	Autobusai	7	02
665372	2-964	773	A>B	Šiaurės miestelis–Verkių g.–Viršuliškės–Lazdynai	955	956.97998	0.69999999	Povilo Lukšio st.	955.79999	4.1999998	Šeškinės kalvos	973.70001	7	Autobusai	7	02
665372	2-964	773	B>A	Lazdynai–Viršuliškės–Verkių g.–Šiaurės miestelis	994	995.46002	1.5	Ąžuolo st.	997.79999	3.8	Verkių st.	1025.1	7	Autobusai	7	02
665372	2-964	773	B>A	Lazdynai–Viršuliškės–Verkių g.–Šiaurės miestelis	1079	1079.59	0.69999999	Architektų st.	1079.8	3.4000001	Šiaurės miestelis	1116.3	7	Autobusai	7	02
665372	2-964	773	A>B	Šiaurės miestelis–Verkių g.–Viršuliškės–Lazdynai	1146	1147.58	0.30000001	Žirmūnų seniūnija	1153.3	3.3	Šeškinės kalvos	1163.8	7	Autobusai	7	02
665372	2-964	773	B>A	Lazdynai–Viršuliškės–Verkių g.–Šiaurės miestelis	1185	1186.48	1.2	Žirmūnų seniūnija	1216.9	4	Siesikų st.	1205.3	7	Autobusai	7	02
665448	2-3065	771	B>A	Lazdynai–Viršuliškės–Verkių g.–Šiaurės miestelis	572	573.04999	0.60000002	Pramogų arena	598.40002	3.9000001	Vaikų kaimas	591.29999	7	Autobusai	7	03
665448	2-3065	771	A>B	Šiaurės miestelis–Verkių g.–Viršuliškės–Lazdynai	618	620.76001	1.6	Povilo Lukšio st.	619.79999	4.5	Siesikų st.	639.79999	7	Autobusai	7	03
665448	2-3065	771	B>A	Lazdynai–Viršuliškės–Verkių g.–Šiaurės miestelis	656	660.08002	4.1999998	Riešutų st.	661.40002	8.3999996	Verkių st.	691.70001	7	Autobusai	7	03
665448	2-3065	771	B>A	Lazdynai–Viršuliškės–Verkių g.–Šiaurės miestelis	760	764.01001	4.0999999	Architektų st.	764.20001	9.8999996	Šiaurės miestelis	803.90002	7	Autobusai	7	03
665448	2-3065	771	B>A	Lazdynai–Viršuliškės–Verkių g.–Šiaurės miestelis	864	866.15997	1	Žirmūnų seniūnija	895.70001	3.9000001	Vaikų kaimas	883.29999	7	Autobusai	7	03
665448	2-3065	771	A>B	Šiaurės miestelis–Verkių g.–Viršuliškės–Lazdynai	913	916.27002	1.9	Povilo Lukšio st.	915	4.9000001	Siesikų st.	935.20001	7	Autobusai	7	03
665448	2-3065	771	B>A	Lazdynai–Viršuliškės–Verkių g.–Šiaurės miestelis	951	956.06	4.8000002	Laisvės prospektas	964.5	9.6000004	Verkių st.	987.90002	7	Autobusai	7	03
665448	2-3065	771	A>B	Šiaurės miestelis–Verkių g.–Viršuliškės–Lazdynai	997	1000.11	1.3	Viršuliškės	1023.5	3.0999999	Šiaurės miestelis	1001.3	7	Autobusai	7	03
665448	2-3065	771	B>A	Lazdynai–Viršuliškės–Verkių g.–Šiaurės miestelis	1036	1038.76	0.89999998	Kareivių st.	1069.1	4.1999998	Siesikų st.	1056.5	7	Autobusai	7	03
665493	2-2224	60	A>B	Šiaurės miestelis–Verkių g.–Viršuliškės–Lazdynai	592	593.67999	1.2	Kareivių st.	598.09998	3.7	Šeškinės kalvos	610.09998	7	Autobusai	7	04
665493	2-2224	60	B>A	Lazdynai–Viršuliškės–Verkių g.–Šiaurės miestelis	631	633.26001	2.5	Riešutų st.	634.70001	8.3000002	Šiaurės miestelis	673.20001	7	Autobusai	7	04
665493	2-2224	60	B>A	Lazdynai–Viršuliškės–Verkių g.–Šiaurės miestelis	725	727.08002	2.4000001	Riešutų st.	728.5	5.9000001	Šiaurės miestelis	764.79999	7	Autobusai	7	04
665493	2-2224	60	A>B	Šiaurės miestelis–Verkių g.–Viršuliškės–Lazdynai	793	794.46002	0.69999999	Povilo Lukšio st.	793.90002	5.0999999	Ąžuolyno st.	818.70001	7	Autobusai	7	04
665493	2-2224	60	B>A	Lazdynai–Viršuliškės–Verkių g.–Šiaurės miestelis	831	836.38	5.5	Ąžuolo st.	838.79999	9.1000004	Šiaurės miestelis	874	7	Autobusai	7	04
665493	2-2224	60	A>B	Šiaurės miestelis–Verkių g.–Viršuliškės–Lazdynai	897	897.91998	0.60000002	Povilo Lukšio st.	897.70001	8.3999996	Sietyno st.	933.29999	7	Autobusai	7	04
665493	2-2224	60	B>A	Lazdynai–Viršuliškės–Verkių g.–Šiaurės miestelis	935	943	8.1999998	Ąžuolo st.	945.5	11.7	Verkių st.	973.90002	7	Autobusai	7	04
665493	2-2224	60	A>B	Šiaurės miestelis–Verkių g.–Viršuliškės–Lazdynai	981	984.09003	1.1	Verkių st.	992.90002	3.0999999	Šiaurės miestelis	985.29999	7	Autobusai	7	04
665493	2-2224	60	B>A	Lazdynai–Viršuliškės–Verkių g.–Šiaurės miestelis	1020	1021.54	0.60000002	Kareivių st.	1052.7	3.9000001	Siesikų st.	1040.2	7	Autobusai	7	04
665277	2-3143	454	A>B	Justiniškės–Centras–Naugarduko g.–Vilkpėdė	724	723.25	-0.69999999	Šiaurinė st.	725.5	3.0999999	Vaikų kaimas	738.90002	73	Autobusai	73	01
665277	2-3143	454	A>B	Justiniškės–Centras–Naugarduko g.–Vilkpėdė	815	815.01001	-0.1	Šiaurinė st.	817.09998	3.2	Vaikų kaimas	830	73	Autobusai	73	01
665277	2-3143	454	B>A	Vilkpėdė–Naugarduko g.–Centras–Justiniškės	1055	1055.41	-0.89999998	Naugarduko st.	1059.3	4	Justiniškės	1088.5	73	Autobusai	73	01
665277	2-3143	454	A>B	Justiniškės–Centras–Naugarduko g.–Vilkpėdė	1214	1213.77	-0.1	Justiniškių žiedas	1213.9	4.0999999	Migracijos valdyba	1250.3	73	Autobusai	73	01
665229	2-2859	502	A>B	Justiniškės–Centras–Naugarduko g.–Vilkpėdė	374	374.72	0.60000002	Burbiškės	408.39999	3.4000001	Saltoniškės	393.39999	73	Autobusai	73	02
665229	2-2859	502	A>B	Justiniškės–Centras–Naugarduko g.–Vilkpėdė	458	458.41	0.5	Šiaurinė st.	460.70001	4.0999999	Saltoniškės	478.10001	73	Autobusai	73	02
665229	2-2859	502	B>A	Vilkpėdė–Naugarduko g.–Centras–Justiniškės	506	510.17999	0.2	Šiaurinė st.	541	4.0999999	Juozo Tumo-Vaižganto st.	522.20001	73	Autobusai	73	02
665229	2-2859	502	A>B	Justiniškės–Centras–Naugarduko g.–Vilkpėdė	754	753.94	0.2	Justiniškių žiedas	754.29999	6.3000002	Burbiškės	794	73	Autobusai	73	02
665229	2-2859	502	A>B	Justiniškės–Centras–Naugarduko g.–Vilkpėdė	848	848.65002	0.69999999	Atžalyno st.	851.90002	3.8	Migracijos valdyba	884	73	Autobusai	73	02
665229	2-2859	502	A>B	Justiniškės–Centras–Naugarduko g.–Vilkpėdė	1163	1163.63	0.40000001	Šiaurinė st.	1165.5	3.8	Mikalojaus Konstantino Čiurlionio st.	1193.4	73	Autobusai	73	02
665479	2-203	623	A>B	Justiniškės–Centras–Naugarduko g.–Vilkpėdė	585	585.34998	0.80000001	Justiniškių žiedas	585.90002	4.4000001	Kražių st.	611.20001	73	Autobusai	73	03
665479	2-203	623	B>A	Vilkpėdė–Naugarduko g.–Centras–Justiniškės	626	627.31	0.69999999	Migracijos valdyba	629.90002	4	Juozo Tumo-Vaižganto st.	642.09998	73	Autobusai	73	03
665479	2-203	623	A>B	Justiniškės–Centras–Naugarduko g.–Vilkpėdė	695	694.89001	0.1	Justiniškių žiedas	695.20001	3.5	Saltoniškės	714.5	73	Autobusai	73	03
665479	2-203	623	B>A	Vilkpėdė–Naugarduko g.–Centras–Justiniškės	827	827.71002	0	Vaikų kaimas	851.5	3.4000001	Mykolo Biržiškos gimnazija	862.70001	73	Autobusai	73	03
665479	2-203	623	A>B	Justiniškės–Centras–Naugarduko g.–Vilkpėdė	875	874.88	0	Justiniškių žiedas	875.09998	4.8000002	Vaikų kaimas	891.59998	73	Autobusai	73	03
665479	2-203	623	A>B	Justiniškės–Centras–Naugarduko g.–Vilkpėdė	1080	1080.27	0.69999999	Justiniškių žiedas	1080.8	4	Vaikų kaimas	1095.8	73	Autobusai	73	03
665244	2-10584	935	A>B	Stotis–Subačiaus–Parko g.	329	329.44	-4.5	Naujosios Vilnios žiedas	354.60001	1.2	Misionierių st.	334.89999	74	Autobusai	74	01
665244	2-10584	935	A>B	Stotis–Subačiaus–Parko g.	868	868.67999	0.69999999	Stotis	868.70001	4.5999999	Subačiaus st.	878.09998	74	Autobusai	74	01
665244	2-10584	935	B>A	Parko–Subačiaus g.–Stotis	909	911.04999	2.0999999	Naujosios Vilnios žiedas	911.20001	4.5999999	Aušros vartai	937.20001	74	Autobusai	74	01
665244	2-10584	935	A>B	Stotis–Subačiaus–Parko g.	939	943.26001	3.9000001	Stotis	942.90002	7.0999999	„Audėjas“	954.29999	74	Autobusai	74	01
665244	2-10584	935	B>A	Parko–Subačiaus g.–Stotis	975	977.08002	2.2	„Audėjas“	997.40002	3.3	Aušros vartai	1002	74	Autobusai	74	01
665244	2-10584	935	B>A	Parko–Subačiaus g.–Stotis	1209	1211.8	2.4000001	Genių st.	1215.4	3.9000001	Mildos st.	1227	74	Autobusai	74	01
665244	2-10584	935	B>A	Parko–Subačiaus g.–Stotis	1281	1283.85	2.3	„Audėjas“	1303.5	3.0999999	Aušros vartai	1307.8	74	Autobusai	74	01
665244	2-10584	935	A>B	Stotis–Subačiaus–Parko g.	1386	1386.77	-0.30000001	Parko st.	1414.3	3.0999999	Subačiaus st.	1394.6	74	Autobusai	74	01
665219	2-547	936	A>B	Stotis–Subačiaus–Parko g.	363	362.81	-3.2	Parko st.	389.39999	1.5	Subačiaus st.	370.10001	74	Autobusai	74	03
665219	2-547	936	A>B	Stotis–Subačiaus–Parko g.	500	499.95999	-3.5	Respublikinė psichiatrijos ligoninė	524.70001	1.5	Misionierių st.	506.20001	74	Autobusai	74	03
665219	2-547	936	B>A	Parko–Subačiaus g.–Stotis	796	795.96002	-3.7	„Audėjas“	812.59998	0	Naujosios Vilnios žiedas	796	74	Autobusai	74	03
665190	2-2094	151	B>A	Pilaitė–Šeškinė–Santariškės	311	311.85001	-3.0999999	Santariškės	355.79999	1.1	Bitėnų st.	312.60001	75	Autobusai	75	01-Ž
665190	2-2094	151	B>A	Pilaitė–Šeškinė–Santariškės	422	423.94	-4.6999998	Santariškės	467.29999	2.2	Bitėnų st.	424.89999	75	Autobusai	75	01-Ž
665190	2-2094	151	A>B	Santariškės–Šeškinė–Pilaitė	479	480.92999	-3.5999999	Sietyno st.	515	2.0999999	Vaikų ligoninė	482	75	Autobusai	75	01-Ž
665190	2-2094	151	B>A	Pilaitė–Šeškinė–Santariškės	797	796.01001	-1.5	Karaliaučiaus st.	799.59998	3.4000001	Kalvarijos	845.40002	75	Autobusai	75	01-Ž
665190	2-2094	151	A>B	Santariškės–Šeškinė–Pilaitė	1269	1268.74	-2.3	Ateities st.	1278.7	8.5	Gilužio st.	1325.5	75	Autobusai	75	01-Ž
665190	2-2094	151	B>A	Pilaitė–Šeškinė–Santariškės	1330	1330.86	-4.5999999	Santariškės	1373.2	1.3	Bitėnų st.	1332	75	Autobusai	75	01-Ž
665343	2-2120	620	A>B	Santariškės–Šeškinė–Pilaitė	696	697.15002	-1	Ateities st.	706.90002	3.0999999	Gilužio st.	746.5	75	Autobusai	75	02
665343	2-2120	620	B>A	Pilaitė–Šeškinė–Santariškės	755	755.70001	-0.40000001	Pamiškė	792.29999	3.0999999	Kalvarijos	803	75	Autobusai	75	02
665343	2-2120	620	A>B	Santariškės–Šeškinė–Pilaitė	817	817.09003	-0.80000001	Musninkų st.	839.59998	6.4000001	Tolminkiemio st.	869	75	Autobusai	75	02
665343	2-2120	620	A>B	Santariškės–Šeškinė–Pilaitė	1066	1068.2	-0.30000001	Sietyno st.	1105.3	3.0999999	Gelvonų st.	1087.6	75	Autobusai	75	02
665343	2-2120	620	B>A	Pilaitė–Šeškinė–Santariškės	1270	1269.15	-5.1999998	Santariškės	1312.6	-0.5	Bitėnų st.	1270.2	75	Autobusai	75	02
665490	2-2411	88	B>A	Pilaitė–Šeškinė–Santariškės	709	709.27002	-1.1	Karaliaučiaus st.	712.09998	4.0999999	Rugių st.	757.59998	75	Autobusai	75	03
665284	2-247	728	A>B	Ateities–Balsių g.–Sakališkės-Bireliai	771	770.20001	-3.2	Sakališkės	802.20001	-0.2	Ateities st.	770.79999	76	Autobusai	76	01
665284	2-247	728	A>B	Ateities–Balsių g.–Sakališkės-Bireliai	860	864.89001	4.1999998	Petro Baublio st.	873.20001	7	Balsiai	889.5	76	Autobusai	76	01
665284	2-247	728	A>B	Ateities–Balsių g.–Sakališkės-Bireliai	1164	1163.41	-3.0999999	Sakališkės	1195.3	0.1	Balsiai	1186.6	76	Autobusai	76	01
665284	2-247	728	A>B	Ateities–Balsių g.–Sakališkės-Bireliai	1248	1248.59	-4.3000002	Sakališkės	1278	0.60000002	Ateities st.	1248.7	76	Autobusai	76	01
665284	2-247	728	B>A	Bireliai–Sakališkės–Balsių g.–Ateities st.	1289	1289.25	-3.0999999	Kalvarijos	1320.4	-0.1	Bireliai	1290.4	76	Autobusai	76	01
665284	2-247	728	A>B	Ateities–Balsių g.–Sakališkės-Bireliai	1332	1331.7	-3.8	Sakališkės	1362.5	-0.2	Ateities st.	1331.8	76	Autobusai	76	01
665249	2-10634	814	B>A	Pagiriai–Eišiškių pl.–Stotis	360	360.82999	-0.60000002	Naujininkai	386.39999	3.8	Raisteliai	374	78	Autobusai	78	01
665249	2-10634	814	B>A	Pagiriai–Eišiškių pl.–Stotis	445	447.57001	0.89999998	„Sparta“	476.39999	3.9000001	Raisteliai	459.20001	78	Autobusai	78	01
665249	2-10634	814	B>A	Pagiriai–Eišiškių pl.–Stotis	529	532.26001	-3	Aguonų st.	558.40002	3.4000001	Pirmieji Pagiriai	534.70001	78	Autobusai	78	01
665249	2-10634	814	A>B	Stotis–Eišiškių pl.–Pagiriai	601	601.87	0.89999998	Žemieji Pagiriai	634.70001	3.8	Metalo st.	618.20001	78	Autobusai	78	01
665249	2-10634	814	B>A	Pagiriai–Eišiškių pl.–Stotis	645	648.87	2.0999999	Naujininkai	674.09998	4.4000001	Baltoji Vokė	655.90002	78	Autobusai	78	01
665249	2-10634	814	B>A	Pagiriai–Eišiškių pl.–Stotis	734	736.69	0.30000001	Prūsų st.	762.29999	5.1999998	Raisteliai	749.40002	78	Autobusai	78	01
665249	2-10634	814	B>A	Pagiriai–Eišiškių pl.–Stotis	817	820.58002	-1.9	Naujininkai	842.20001	3.5	Žemieji Pagiriai	821.90002	78	Autobusai	78	01
665516	2-1341	944	A>B	Stotis–Eišiškių pl.–Pagiriai	861	861.35999	0.1	Aguonų st.	865.5	3.4000001	Durpių st.	894	78	Autobusai	78	01
665516	2-1341	944	B>A	Pagiriai–Eišiškių pl.–Stotis	913	915.21002	-2	Aguonų st.	943.29999	3.4000001	Raisteliai	926.70001	78	Autobusai	78	01
665516	2-1341	944	A>B	Stotis–Eišiškių pl.–Pagiriai	953	954.20001	0.89999998	Aguonų st.	958.40002	3.2	Durpių st.	985.79999	78	Autobusai	78	01
665516	2-1341	944	B>A	Pagiriai–Eišiškių pl.–Stotis	997	1000.11	1.4	Naujininkai	1025.6	4.9000001	Raisteliai	1012.2	78	Autobusai	78	01
665516	2-1341	944	B>A	Pagiriai–Eišiškių pl.–Stotis	1110	1113.47	-1	Aguonų st.	1141.2	5	Raisteliai	1125.3	78	Autobusai	78	01
665516	2-1341	944	A>B	Stotis–Eišiškių pl.–Pagiriai	1149	1149.84	1.7	Stotis	1151	4.0999999	Metalo st.	1166.6	78	Autobusai	78	01
665516	2-1341	944	B>A	Pagiriai–Eišiškių pl.–Stotis	1193	1194.91	-1.4	Aguonų st.	1223.8	4	Raisteliai	1207.3	78	Autobusai	78	01
665516	2-1341	944	B>A	Pagiriai–Eišiškių pl.–Stotis	1279	1282.25	-1.5	Aguonų st.	1309.7	4.4000001	Baltoji Vokė	1290	78	Autobusai	78	01
665516	2-1341	944	B>A	Pagiriai–Eišiškių pl.–Stotis	1363	1365.8101	-6.4000001	Aguonų st.	1388.8	2.9000001	Baltoji Vokė	1372.5	78	Autobusai	78	01
665323	2-1663	972	B>A	Pagiriai–Eišiškių pl.–Stotis	405	405.82001	-1.6	Naujininkai	430.39999	3.2	Raisteliai	418.5	78	Autobusai	78	02
665323	2-1663	972	A>B	Stotis–Eišiškių pl.–Pagiriai	532	533.28998	0.80000001	Aguonų st.	537.40002	4.8000002	Naujininkai	546.20001	78	Autobusai	78	02
665323	2-1663	972	B>A	Pagiriai–Eišiškių pl.–Stotis	576	577.37	0.30000001	Naujininkai	603.5	3.5	Baltoji Vokė	586	78	Autobusai	78	02
665323	2-1663	972	A>B	Stotis–Eišiškių pl.–Pagiriai	647	646.77002	0.80000001	Aguonų st.	652.29999	3.3	Durpių st.	679.79999	78	Autobusai	78	02
665323	2-1663	972	A>B	Stotis–Eišiškių pl.–Pagiriai	731	731.66998	1.5	Dilgynė	750.90002	3.2	Metalo st.	747.59998	78	Autobusai	78	02
665323	2-1663	972	A>B	Stotis–Eišiškių pl.–Pagiriai	915	916.23999	0.80000001	Aguonų st.	920.29999	4.0999999	Durpių st.	948.70001	78	Autobusai	78	02
665323	2-1663	972	A>B	Stotis–Eišiškių pl.–Pagiriai	998	999.08002	1.8	Aguonų st.	1004.3	4.4000001	Durpių st.	1032	78	Autobusai	78	02
665323	2-1663	972	A>B	Stotis–Eišiškių pl.–Pagiriai	1110	1111.1899	1.6	Dilgynė	1130.1	5.1999998	Žemieji Pagiriai	1148	78	Autobusai	78	02
665323	2-1663	972	B>A	Pagiriai–Eišiškių pl.–Stotis	1154	1155.37	-0.89999998	Eišiškių plentas	1176.1	3.0999999	Raisteliai	1167.4	78	Autobusai	78	02
665323	2-1663	972	A>B	Stotis–Eišiškių pl.–Pagiriai	1275	1277.24	1.6	Dilgynė	1295.1	4.4000001	Durpių st.	1309	78	Autobusai	78	02
665323	2-1663	972	B>A	Pagiriai–Eišiškių pl.–Stotis	1319	1320.59	-3.0999999	Naujininkai	1343	2.5999999	Baltoji Vokė	1328.1	78	Autobusai	78	02
665323	2-1663	972	A>B	Stotis–Eišiškių pl.–Pagiriai	1356	1357.86	1.4	Dilgynė	1375.8	4	Durpių st.	1389.6	78	Autobusai	78	02
665323	2-1663	972	B>A	Pagiriai–Eišiškių pl.–Stotis	1398	1399.75	0.2	Prūsų st.	1423.8	4	Raisteliai	1411.4	78	Autobusai	78	02
665236	2-2431	79	A>B	Žemieji Paneriai–Aukštieji Paneriai–Vaidotai	325	323.38	-3.9000001	Chemijos st.	341.10001	-0.30000001	Šaltinio st.	351.29999	8	Autobusai	8	01
665236	2-2431	79	B>A	Vaidotai–Aukštieji Paneriai–Žemieji Paneriai	359	361.70001	0.2	Lentvario st.	381.60001	4.5	Chemijos st.	373.29999	8	Autobusai	8	01
665236	2-2431	79	B>A	Vaidotai–Aukštieji Paneriai–Žemieji Paneriai	427	427.35001	-0.1	Lentvario st.	449.29999	3.2	Fermentų st.	441.39999	8	Autobusai	8	01
665236	2-2431	79	A>B	Žemieji Paneriai–Aukštieji Paneriai–Vaidotai	461	463.66	-2.9000001	Fermentų st.	475.20001	3.2	Vaduvos st.	464.39999	8	Autobusai	8	01
665503	2-2568	952	B>A	Vaidotai–Aukštieji Paneriai–Žemieji Paneriai	678	679.34998	-0.30000001	Lentvario st.	700	3.2	Chemijos st.	691	8	Autobusai	8	01
665503	2-2568	952	A>B	Žemieji Paneriai–Aukštieji Paneriai–Vaidotai	714	716.21002	-0.5	Chemijos st.	733.5	4	Vilijos st.	723.29999	8	Autobusai	8	01
665503	2-2568	952	A>B	Žemieji Paneriai–Aukštieji Paneriai–Vaidotai	782	784.71997	-1.1	Chemijos st.	800.90002	3.3	Vilijos st.	790.70001	8	Autobusai	8	01
665503	2-2568	952	B>A	Vaidotai–Aukštieji Paneriai–Žemieji Paneriai	816	818.21002	0	Lentvario st.	838.40002	4	Chemijos st.	829.79999	8	Autobusai	8	01
665503	2-2568	952	B>A	Vaidotai–Aukštieji Paneriai–Žemieji Paneriai	1107	1108.72	-0.40000001	Lentvario st.	1129	3.0999999	Fermentų st.	1121.4	8	Autobusai	8	01
665175	2-923	975	A>B	Stotis–Salininkai–Miškiniai–Juodšiliai	309	310.10999	0.60000002	Salininkų sodai	325.89999	5.8000002	Miškinių sodai	345.5	82	Autobusai	82	01
665175	2-923	975	B>A	Juodšiliai–Avinėlių g.–Stotis	345	348.76001	1.3	Žirnių st.	363.60001	4.3000002	Sakalaičių st.	354.20001	82	Autobusai	82	01
665175	2-923	975	B>A	Juodšiliai–Avinėlių g.–Stotis	422	422.64001	0.5	2-ieji Juodšiliai	422.79999	3.0999999	Kelininkų st.	437.70001	82	Autobusai	82	01
665175	2-923	975	A>B	Stotis–Salininkai–Miškiniai–Juodšiliai	776	776.96002	0.69999999	Stotis	776.79999	3.5	Kelininkų st.	788.59998	82	Autobusai	82	01
665175	2-923	975	A>B	Stotis–Salininkai–Miškiniai–Juodšiliai	922	923.04999	0.69999999	Pelesos st.	925.90002	3.0999999	Raistelių miškas	949.90002	82	Autobusai	82	01
665175	2-923	975	A>B	Stotis–Salininkai–Miškiniai–Juodšiliai	995	995.71002	0.5	Stotis	995.5	3.8	Vokės parkas	1026.9	82	Autobusai	82	01
665175	2-923	975	A>B	Stotis–Salininkai–Miškiniai–Juodšiliai	1068	1068.79	0.5	Stotis	1068.5	3.8	Vokės parkas	1100	82	Autobusai	82	01
665175	2-923	975	A>B	Stotis–Salininkai–Miškiniai–Juodšiliai	1311	1311.7	0.69999999	Stotis	1311.8	3.4000001	Miškinių sodai	1345	82	Autobusai	82	01
665175	2-923	975	B>A	Juodšiliai–Avinėlių g.–Stotis	1347	1348.84	1.8	2-ieji Juodšiliai	1349.2	14.8	Avinėlių st.	1364.7	82	Autobusai	82	01
665306	2-2774	973	B1>A1	Juodšiliai–Miškiniai–Salininkai–Stotis	520	517.02002	-3.0999999	2-ieji Juodšiliai	517.20001	0.69999999	Lydos st.	539.70001	82	Autobusai	82	02
665306	2-2774	973	B1>A1	Juodšiliai–Miškiniai–Salininkai–Stotis	914	912.26001	-1.7	2-ieji Juodšiliai	912.40002	3.9000001	Lydos st.	936.79999	82	Autobusai	82	02
665306	2-2774	973	B1>A1	Juodšiliai–Miškiniai–Salininkai–Stotis	1226	1225.61	-0.30000001	2-ieji Juodšiliai	1225.7	3.4000001	Lydos st.	1248.3	82	Autobusai	82	02
665332	2-2389	985	A>B	Ateities g.–Molėtų pl.–Riešė–Bendorėliai–Šeškinė	888	890.57001	1.9	Medelynas	933.40002	5.0999999	Dūkštų st.	946.59998	87	Autobusai	87	01
665332	2-2389	985	B>A	Šeškinė–Bendorėliai–Riešė–Molėtų pl.–Ateities g.	953	955.70001	1.4	Durpynas	975.29999	3.8	Žaliųjų Ežerų st.	1007.3	87	Autobusai	87	01
665332	2-2389	985	A>B	Ateities g.–Molėtų pl.–Riešė–Bendorėliai–Šeškinė	1014	1016.52	0	Durpynas	1052.1	3.3	Beržų st.	1039.9	87	Autobusai	87	01
665332	2-2389	985	B>A	Šeškinė–Bendorėliai–Riešė–Molėtų pl.–Ateities g.	1357	1357.42	-3.5999999	Rugių st.	1408.1	1.2	Klevinė	1380	87	Autobusai	87	01
665391	2-2499	960	B>A	Šeškinė–Bendorėliai–Riešė–Molėtų pl.–Ateities g.	479	479.42001	-1	Medelynas	493.89999	4.5999999	Žaliųjų Ežerų st.	534	87	Autobusai	87	02
665391	2-2499	960	A>B	Ateities g.–Molėtų pl.–Riešė–Bendorėliai–Šeškinė	697	696.81	-0.30000001	Molėtų plentas	704.29999	4.1999998	Dūkštų st.	754.79999	87	Autobusai	87	02
665391	2-2499	960	A>B	Ateities g.–Molėtų pl.–Riešė–Bendorėliai–Šeškinė	954	955.57001	0	Stasio Lozoraičio st.	1005	6.5	Beržų st.	983.09998	87	Autobusai	87	02
665391	2-2499	960	A>B	Ateities g.–Molėtų pl.–Riešė–Bendorėliai–Šeškinė	1231	1232.25	0.5	Geležinio Vilko st.	1242.1	6.6999998	Dūkštų st.	1291.3	87	Autobusai	87	02
665391	2-2499	960	B>A	Šeškinė–Bendorėliai–Riešė–Molėtų pl.–Ateities g.	1296	1296.83	0.40000001	Ukmergės st.	1300	7.1999998	Žaliųjų Ežerų st.	1353.6	87	Autobusai	87	02
665186	3-2466	2667	B>A	Stotis–Žvėrynas–Karoliniškės	425	425.85001	0.69999999	Stotis	425.79999	4.1999998	Atminties st.	456.60001	1	Troleibusai	1	01
665186	3-2466	2667	A>B	Karoliniškės–Žvėrynas–Stotis	463	464.01999	1.5	Atminties st.	466	3.3	Centro poliklinika	490.29999	1	Troleibusai	1	01
665186	3-2466	2667	B>A	Stotis–Žvėrynas–Karoliniškės	494	496.87	2.4000001	Islandijos st.	505	5.0999999	Latvių st.	514	1	Troleibusai	1	01
665186	3-2466	2667	B>A	Stotis–Žvėrynas–Karoliniškės	828	828.90002	0.69999999	Stotis	828.79999	4.3000002	Atminties st.	860	1	Troleibusai	1	01
665186	3-2466	2667	B>A	Stotis–Žvėrynas–Karoliniškės	1139	1139.15	0.1	Stotis	1139.3	3.5	Karoliniškių poliklinika	1167.3	1	Troleibusai	1	01
665186	3-2466	2667	B>A	Stotis–Žvėrynas–Karoliniškės	1214	1213.5699	-0.5	Stotis	1213.6	3.5	Atminties st.	1245	1	Troleibusai	1	01
665387	3-10605	2713	B>A	Stotis–Žvėrynas–Karoliniškės	519	519.47998	0.5	Stotis	519.70001	3.3	Sėlių st.	538.29999	1	Troleibusai	1	02Ž
665387	3-10605	2713	B>A	Stotis–Žvėrynas–Karoliniškės	846	846.16998	-1	Pamėnkalnio st.	856.5	3.2	Karoliniškių poliklinika	874	1	Troleibusai	1	02Ž
665387	3-10605	2713	B>A	Stotis–Žvėrynas–Karoliniškės	1001	1002.66	1.5	Stotis	1002.6	3.0999999	Teodoro Narbuto st.	1023.3	1	Troleibusai	1	02Ž
665387	3-10605	2713	B>A	Stotis–Žvėrynas–Karoliniškės	1073	1075.52	1.8	Liubarto tiltas	1088.2	3.5999999	Teodoro Narbuto st.	1095.8	1	Troleibusai	1	02Ž
665387	3-10605	2713	B>A	Stotis–Žvėrynas–Karoliniškės	1237	1238.23	1.2	Stotis	1238.4	3.3	Latvių st.	1255.2	1	Troleibusai	1	02Ž
665387	3-10605	2713	A>B	Karoliniškės–Žvėrynas–Stotis	1280	1283.7	2.3	Centro poliklinika	1304.7	3.9000001	Teodoro Narbuto st.	1293	1	Troleibusai	1	02Ž
665387	3-10605	2713	B>A	Stotis–Žvėrynas–Karoliniškės	1311	1313.65	1.4	Atminties st.	1339.9	3.2	Latvių st.	1329.1	1	Troleibusai	1	02Ž
665327	3-263	2665	A>B	Karoliniškės–Žvėrynas–Stotis	612	610.64001	-3.5999999	Vingriai	635.70001	-1.4	Karoliniškių poliklinika	614.90002	1	Troleibusai	1	03
665327	3-263	2665	A>B	Karoliniškės–Žvėrynas–Stotis	690	688.87	-4.5999999	Gėlių st.	714.20001	-1	Ugniagesių st.	691.90002	1	Troleibusai	1	03
665327	3-263	2665	A>B	Karoliniškės–Žvėrynas–Stotis	765	764.08002	-3.0999999	Centro poliklinika	785.59998	-1.1	Atminties st.	765.40002	1	Troleibusai	1	03
665327	3-263	2665	A>B	Karoliniškės–Žvėrynas–Stotis	835	838.14001	3.0999999	Laisvės prospektas	846.40002	4	Pamėnkalnio st.	859.79999	1	Troleibusai	1	03
665327	3-263	2665	B>A	Stotis–Žvėrynas–Karoliniškės	868	872.23999	3.9000001	Stotis	872.09998	6.3000002	Sėlių st.	890.29999	1	Troleibusai	1	03
665438	3-1569	2623	A>B	Karoliniškės–Žvėrynas–Stotis	597	600.29999	1.1	Vingriai	625.29999	3.3	Pasakų parkas	600.59998	1	Troleibusai	1	04
665438	3-1569	2623	B>A	Stotis–Žvėrynas–Karoliniškės	710	713.16998	1.5	Pamėnkalnio st.	723	4.0999999	Ugniagesių st.	740.40002	1	Troleibusai	1	04
665438	3-1569	2623	A>B	Karoliniškės–Žvėrynas–Stotis	780	781.32001	1.6	Laisvės prospektas	789.90002	3.2	Pamėnkalnio st.	803.90002	1	Troleibusai	1	04
665438	3-1569	2623	B>A	Stotis–Žvėrynas–Karoliniškės	813	815.72998	2.0999999	Trakų st.	819.79999	4.5	Karoliniškių poliklinika	842.29999	1	Troleibusai	1	04
665438	3-1569	2623	B>A	Stotis–Žvėrynas–Karoliniškės	887	889.13	1.6	Islandijos st.	897.20001	3.5999999	Sietyno st.	912.5	1	Troleibusai	1	04
665281	3-3076	1642	A>B	Saulėtekis–Kalvarijų g.–Naujininkai	657	656.38	-0.60000002	Gedimino technikos universitetas	658.59998	3.8	„Sparta“	702.59998	10	Troleibusai	10	01
665281	3-3076	1642	B>A	Naujininkai–Kalvarijų g.–Saulėtekis	806	807.13	0.80000001	Naujininkai	806.90002	3.9000001	Saulėtekis	846.5	10	Troleibusai	10	01
665281	3-3076	1642	B>A	Naujininkai–Kalvarijų g.–Saulėtekis	1143	1143.98	0	Tauragnų st.	1168.3	3.4000001	Saulėtekis	1182	10	Troleibusai	10	01
665449	3-2037	1627	B>A	Naujininkai–Kalvarijų g.–Saulėtekis	595	595.29999	-0.40000001	Kražių st.	606.29999	3.0999999	Saulėtekis	634.70001	10	Troleibusai	10	02
665449	3-2037	1627	A>B	Saulėtekis–Kalvarijų g.–Naujininkai	772	773.32001	1.2	Gedimino technikos universitetas	775.40002	5.0999999	Mikalojaus Konstantino Čiurlionio st.	814.79999	10	Troleibusai	10	02
665449	3-2037	1627	B>A	Naujininkai–Kalvarijų g.–Saulėtekis	823	823.46997	0.1	Naujininkai	823.09998	5.5999999	Saulėtekis	865.20001	10	Troleibusai	10	02
665449	3-2037	1627	A>B	Saulėtekis–Kalvarijų g.–Naujininkai	878	879.20001	1.3	Saulėtekis	883.59998	3.5999999	Kražių st.	914.40002	10	Troleibusai	10	02
665449	3-2037	1627	B>A	Naujininkai–Kalvarijų g.–Saulėtekis	932	932.94	0.30000001	Naujininkai	932.40002	6.4000001	Gedimino technikos universitetas	977.09998	10	Troleibusai	10	02
665449	3-2037	1627	A>B	Saulėtekis–Kalvarijų g.–Naujininkai	979	979.67999	0.80000001	Senoji plytinė	980.79999	4.6999998	Oskaro Milašiaus st.	994.59998	10	Troleibusai	10	02
665449	3-2037	1627	B>A	Naujininkai–Kalvarijų g.–Saulėtekis	1029	1033.0699	3.7	Naujininkai	1032.8	6.4000001	Nemenčinės plentas	1070.2	10	Troleibusai	10	02
665210	3-2663	1658	A>B	Saulėtekis–Kalvarijų g.–Naujininkai	723	722.71002	-0.5	Gedimino technikos universitetas	724.59998	4	„Sparta“	768.79999	10	Troleibusai	10	03
665210	3-2663	1658	B>A	Naujininkai–Kalvarijų g.–Saulėtekis	877	877.13	-0.1	Taraso Ševčenkos st.	882.29999	3.7	Saulėtekis	917.29999	10	Troleibusai	10	03
665210	3-2663	1658	B>A	Naujininkai–Kalvarijų g.–Saulėtekis	977	978.02002	0.69999999	Naujininkai	977.79999	3.5	Saulėtekis	1017.1	10	Troleibusai	10	03
665210	3-2663	1658	A>B	Saulėtekis–Kalvarijų g.–Naujininkai	1024	1024.27	0.30000001	Senoji plytinė	1025.4	8.3999996	„Sparta“	1073.1	10	Troleibusai	10	03
665210	3-2663	1658	A>B	Saulėtekis–Kalvarijų g.–Naujininkai	1151	1151.49	0.40000001	Pramogų arena	1169.5	6.1999998	Prūsų st.	1199.9	10	Troleibusai	10	03
665458	3-746	1639	A>B	Saulėtekis–Kalvarijų g.–Naujininkai	807	806.97998	-0.2	Pramogų arena	824.79999	3.5	Prūsų st.	854.29999	10	Troleibusai	10	04
665458	3-746	1639	B>A	Naujininkai–Kalvarijų g.–Saulėtekis	962	962.63	0.30000001	Naujininkai	962.40002	3.9000001	Lizdeikos st.	997.90002	10	Troleibusai	10	04
665336	3-1283	1653	A>B	Saulėtekis–Kalvarijų g.–Naujininkai	581	581.90002	0.60000002	Vilniaus universitetas	584.40002	3.8	Prūsų st.	628.59998	10	Troleibusai	10	05
665336	3-1283	1653	B>A	Naujininkai–Kalvarijų g.–Saulėtekis	946	946.69	-0.40000001	Kalvarijų turgus	966	4	Saulėtekis	986.59998	10	Troleibusai	10	05
665336	3-1283	1653	A>B	Saulėtekis–Kalvarijų g.–Naujininkai	993	993.59003	-0.1	Žalgirio st.	1016.5	3.4000001	Prūsų st.	1040.2	10	Troleibusai	10	05
665336	3-1283	1653	A>B	Saulėtekis–Kalvarijų g.–Naujininkai	1119	1119.38	0.60000002	Gedimino technikos universitetas	1121.8	5.0999999	Juozo Tumo-Vaižganto st.	1160.4	10	Troleibusai	10	05
665336	3-1283	1653	B>A	Naujininkai–Kalvarijų g.–Saulėtekis	1171	1171.78	0.40000001	Naujininkai	1171.5	6.1999998	Nemenčinės plentas	1211	10	Troleibusai	10	05
665336	3-1283	1653	B>A	Naujininkai–Kalvarijų g.–Saulėtekis	1274	1274.73	0.40000001	Naujininkai	1274.5	3.7	Saulėtekis	1313.3	10	Troleibusai	10	05
665336	3-1283	1653	B>A	Naujininkai–Kalvarijų g.–Saulėtekis	1380	1380.79	0	Giedraičių st.	1402.3	3.3	Nemenčinės plentas	1416.1	10	Troleibusai	10	05
665485	3-2532	1652	B>A	Naujininkai–Kalvarijų g.–Saulėtekis	757	756.88	-0.30000001	Naujininkai	756.79999	10	Gedimino technikos universitetas	805.70001	10	Troleibusai	10	06
665485	3-2532	1652	A>B	Saulėtekis–Kalvarijų g.–Naujininkai	834	835.87	1.7	Gedimino technikos universitetas	837.79999	5.0999999	Kalvarijų turgus	863.90002	10	Troleibusai	10	06
665485	3-2532	1652	B>A	Naujininkai–Kalvarijų g.–Saulėtekis	888	888.91998	0.80000001	Naujininkai	888.90002	5.9000001	Nemenčinės plentas	928.70001	10	Troleibusai	10	06
665485	3-2532	1652	B>A	Naujininkai–Kalvarijų g.–Saulėtekis	990	989.75	-0.40000001	Naujininkai	989.70001	5.1999998	Saulėtekis	1031.8	10	Troleibusai	10	06
665485	3-2532	1652	A>B	Saulėtekis–Kalvarijų g.–Naujininkai	1038	1039.83	1.5	Gedimino technikos universitetas	1041.8	6.4000001	„Sparta“	1085.1	10	Troleibusai	10	06
665485	3-2532	1652	B>A	Naujininkai–Kalvarijų g.–Saulėtekis	1091	1092.83	1.2	Kalvarijų turgus	1112.6	3.5999999	Saulėtekis	1131.2	10	Troleibusai	10	06
665385	3-802	1638	A>B	Saulėtekis–Kalvarijų g.–Naujininkai	847	847.34003	-0.1	Pramogų arena	865.09998	5.1999998	Operos ir baleto teatras	882.90002	10	Troleibusai	10	07
665385	3-802	1638	B>A	Naujininkai–Kalvarijų g.–Saulėtekis	1106	1106.02	-3.2	Verkių st.	1131.2	0.60000002	„Sparta“	1109.6	10	Troleibusai	10	07
665274	3-2707	1656	A>B	Žirmūnai–Šeimyniškių–J. Basanavičiaus g.–Žemieji Paneriai	445	445.60001	0.1	Vinco Kudirkos aikštė	467.10001	4.0999999	Riovonys	490.39999	12	Troleibusai	12	01
665274	3-2707	1656	A>B	Žirmūnai–Šeimyniškių–J. Basanavičiaus g.–Žemieji Paneriai	585	586.48999	0.89999998	Žirmūnai	592.40002	3.7	Riovonys	630	12	Troleibusai	12	01
665274	3-2707	1656	A>B	Žirmūnai–Šeimyniškių–J. Basanavičiaus g.–Žemieji Paneriai	707	708.57001	1.1	Žirmūnų seniūnija	712	5.6999998	Riovonys	754	12	Troleibusai	12	01
665274	3-2707	1656	B>A	Žemieji Paneriai–J. Basanavičiaus–Šeimyniškių g.–Žirmūnai	873	873.34003	0.40000001	Sausupio st.	876.90002	6.9000001	Žirmūnų seniūnija	924.5	12	Troleibusai	12	01
665274	3-2707	1656	A>B	Žirmūnai–Šeimyniškių–J. Basanavičiaus g.–Žemieji Paneriai	926	936.01001	9.8999996	Kareivių st.	941.40002	13.7	Vilkpėdės st.	979.90002	12	Troleibusai	12	01
665274	3-2707	1656	A>B	Žirmūnai–Šeimyniškių–J. Basanavičiaus g.–Žemieji Paneriai	1052	1052.15	-0.2	Kareivių st.	1057.2	3.3	Pakalniškių st.	1098.2	12	Troleibusai	12	01
665274	3-2707	1656	A>B	Žirmūnai–Šeimyniškių–J. Basanavičiaus g.–Žemieji Paneriai	1189	1189.5601	0.30000001	Šiaurės miestelis	1197.6	6.5999999	Riovonys	1236	12	Troleibusai	12	01
665274	3-2707	1656	B>A	Žemieji Paneriai–J. Basanavičiaus–Šeimyniškių g.–Žirmūnai	1244	1243.54	-3.5	Savanorių prospektas	1256.2	-0.30000001	Sausupio st.	1247.1	12	Troleibusai	12	01
665382	3-2594	1628	A>B	Žirmūnai–Šeimyniškių–J. Basanavičiaus g.–Žemieji Paneriai	1005	1004.22	-1.5	Žirmūnai	1010	4.3000002	Centro poliklinika	1033.7	12	Troleibusai	12	02
665340	3-126	1615	A>B	Žirmūnai–Šeimyniškių–J. Basanavičiaus g.–Žemieji Paneriai	605	603.96002	-1.5	Žirmūnų seniūnija	607.29999	3.8	Reformatų st.	634.70001	12	Troleibusai	12	03
665340	3-126	1615	A>B	Žirmūnai–Šeimyniškių–J. Basanavičiaus g.–Žemieji Paneriai	724	726.88	0.89999998	Šiaurės miestelis	733.09998	3.7	Vilkpėdės st.	767.90002	12	Troleibusai	12	03
665340	3-126	1615	A>B	Žirmūnai–Šeimyniškių–J. Basanavičiaus g.–Žemieji Paneriai	842	844.95001	2.0999999	Tuskulėnų rimties parkas	856.79999	5	Centro poliklinika	871.5	12	Troleibusai	12	03
665393	3-10389	1699	A>B	Žirmūnai–Šeimyniškių–J. Basanavičiaus g.–Žemieji Paneriai	535	535.76001	-0.1	Šiaurės miestelis	543.20001	3.9000001	Pakalniškių st.	581.79999	12	Troleibusai	12	04Ž
665393	3-10389	1699	A>B	Žirmūnai–Šeimyniškių–J. Basanavičiaus g.–Žemieji Paneriai	906	906.53998	0.30000001	Žirmūnų seniūnija	910.20001	7.1999998	Pakalniškių st.	956.09998	12	Troleibusai	12	04Ž
665393	3-10389	1699	B>A	Žemieji Paneriai–J. Basanavičiaus–Šeimyniškių g.–Žirmūnai	1083	1083.41	0.5	Valkininkų st.	1083.6	4	Reformatų st.	1110	12	Troleibusai	12	04Ž
665393	3-10389	1699	A>B	Žirmūnai–Šeimyniškių–J. Basanavičiaus g.–Žemieji Paneriai	1164	1164.22	-0.30000001	Kareivių st.	1169.2	3.5	Algirdo st.	1197	12	Troleibusai	12	04Ž
665393	3-10389	1699	A>B	Žirmūnai–Šeimyniškių–J. Basanavičiaus g.–Žemieji Paneriai	1276	1276.33	0.2	Žirmūnų seniūnija	1280	3.5999999	Vingis	1312.5	12	Troleibusai	12	04Ž
665363	3-3297	1657	A>B	Žirmūnai–Šeimyniškių–J. Basanavičiaus g.–Žemieji Paneriai	749	748	-1.2	Žirmūnų seniūnija	751.5	3.9000001	Pakalniškių st.	795.79999	12	Troleibusai	12	05
665363	3-3297	1657	B>A	Žemieji Paneriai–J. Basanavičiaus–Šeimyniškių g.–Žirmūnai	805	804.03998	-1.3	Pakalniškių st.	810	5.5	Kareivių st.	852.90002	12	Troleibusai	12	05
665260	3-2777	1641	B>A	Gerosios Vilties st.–J. Basanavičiaus –Šeimyniškių g.–Saulėtekis	891	892.10999	0.69999999	Simono Konarskio st.	900	3.2	Šilo tiltas	924.29999	14	Troleibusai	14	01
665260	3-2777	1641	B>A	Gerosios Vilties st.–J. Basanavičiaus –Šeimyniškių g.–Saulėtekis	1087	1088.36	1.3	Savanorių prospektas	1093.3	3.7	Saulėtekis	1127.7	14	Troleibusai	14	01
665260	3-2777	1641	B>A	Gerosios Vilties st.–J. Basanavičiaus –Šeimyniškių g.–Saulėtekis	1207	1205.35	-3.7	Reformatų st.	1217.5	-1.4	Saulėtekis	1242.7	14	Troleibusai	14	01
665348	3-2128	1123	B>A	Gerosios Vilties st.–J. Basanavičiaus –Šeimyniškių g.–Saulėtekis	406	405.81	-1	Trakų st.	418.29999	31.1	Vinco Kudirkos aikštė	454.70001	14	Troleibusai	14	02
665348	3-2128	1123	A>B	Saulėtekis–Šeimyniškių–J. Basanavičiaus g.–Gerosios Vilties st.	459	474.04999	0.80000001	Simono Konarskio st.	497.5	8.3000002	Tverečiaus st.	475.10001	14	Troleibusai	14	02
665348	3-2128	1123	A>B	Saulėtekis–Šeimyniškių–J. Basanavičiaus g.–Gerosios Vilties st.	985	985.82001	1	Senoji plytinė	987.09998	4.1999998	Žaliasis tiltas	1013.1	14	Troleibusai	14	02
665348	3-2128	1123	B>A	Gerosios Vilties st.–J. Basanavičiaus –Šeimyniškių g.–Saulėtekis	1028	1031.5	1.9	Vinco Kudirkos aikštė	1047.5	4.9000001	Saulėtekis	1070.9	14	Troleibusai	14	02
665348	3-2128	1123	A>B	Saulėtekis–Šeimyniškių–J. Basanavičiaus g.–Gerosios Vilties st.	1081	1081.8199	0.5	Vilniaus universitetas	1085.5	6	Savanorių prospektas	1128	14	Troleibusai	14	02
665348	3-2128	1123	B>A	Gerosios Vilties st.–J. Basanavičiaus –Šeimyniškių g.–Saulėtekis	1124	1129.88	5.4000001	Šeimyniškių st.	1154.1	6.9000001	Algirdo st.	1141	14	Troleibusai	14	02
665359	3-2561	1119	A>B	Saulėtekis–Šeimyniškių–J. Basanavičiaus g.–Gerosios Vilties st.	617	616.51001	-0.5	Gedimino technikos universitetas	618.59998	4.8000002	Reformatų st.	652.79999	14	Troleibusai	14	03
665359	3-2561	1119	B>A	Gerosios Vilties st.–J. Basanavičiaus –Šeimyniškių g.–Saulėtekis	660	663.65997	1.7	Petro Vileišio st.	691.09998	3.7	Gerosios Vilties st.	666.29999	14	Troleibusai	14	03
665359	3-2561	1119	B>A	Gerosios Vilties st.–J. Basanavičiaus –Šeimyniškių g.–Saulėtekis	758	759.63	1.1	Trakų st.	772.29999	3.5999999	Klinikų st.	793.79999	14	Troleibusai	14	03
665512	3-2732	1535	A>B	Saulėtekis–Šeimyniškių–J. Basanavičiaus g.–Gerosios Vilties st.	914	914.75	0.40000001	Nemenčinės plentas	920	3.2	Savanorių prospektas	958.09998	14	Troleibusai	14	03
665512	3-2732	1535	B>A	Gerosios Vilties st.–J. Basanavičiaus –Šeimyniškių g.–Saulėtekis	1157	1157.63	-3.4000001	Gedimino technikos universitetas	1192.6	0.60000002	Gerosios Vilties st.	1160.2	14	Troleibusai	14	03
665232	3-2228	2717	B>A	Stotis–Lazdynai–Pašilaičiai	443	441.84	-3.5999999	Žemynos st.	477.5	-1	„Sparta“	446.20001	16	Troleibusai	16	01
665404	3-10654	2690	A>B	Pašilaičiai–Lazdynai–Stotis	1056	1053.61	-3.5999999	Šaulių sąjunga	1060.7	0	Naujamiestis	1089.8	16	Troleibusai	16	02
665404	3-10654	2690	A>B	Pašilaičiai–Lazdynai–Stotis	1180	1178.88	-3.0999999	Šaulių sąjunga	1185.1	-1.3	Miškiniai	1202.5	16	Troleibusai	16	02
665404	3-10654	2690	B>A	Stotis–Lazdynai–Pašilaičiai	1319	1318.99	-3.5	Žemynos st.	1352.5	0.80000001	„Sparta“	1324	16	Troleibusai	16	02
665224	3-10435	2689	B>A	Stotis–Lazdynai–Pašilaičiai	333	332.29001	-3.5	Žemynos st.	366.70001	0.30000001	„Sparta“	337.5	16	Troleibusai	16	03Ž
665224	3-10435	2689	B>A	Stotis–Lazdynai–Pašilaičiai	639	637.71002	-3.0999999	Žemynos st.	675	-1.8	„Sparta“	642.40002	16	Troleibusai	16	03Ž
665224	3-10435	2689	A>B	Pašilaičiai–Lazdynai–Stotis	781	778.64001	-4.4000001	Spaudos rūmai	788.09998	-2	Aguonų st.	816.79999	16	Troleibusai	16	03Ž
665224	3-10435	2689	B>A	Stotis–Lazdynai–Pašilaičiai	822	819.71002	-3.5999999	Gerosios Vilties st.	832.79999	-1.9	Pal. Jurgio Matulaičio bažnyčia	854	16	Troleibusai	16	03Ž
665224	3-10435	2689	B>A	Stotis–Lazdynai–Pašilaičiai	913	914.16998	0.80000001	Stotis	913.90002	3.2	Sietyno st.	944.29999	16	Troleibusai	16	03Ž
665426	3-2459	2663	B>A	Stotis–Lazdynai–Pašilaičiai	760	762.31	1.2	Žemynos st.	800.29999	4	Statybininkų st.	772.79999	16	Troleibusai	16	04
665426	3-2459	2663	B>A	Stotis–Lazdynai–Pašilaičiai	885	884.98999	-0.5	Stotis	884.59998	3.0999999	Pal. Jurgio Matulaičio bažnyčia	922	16	Troleibusai	16	04
665394	3-10399	2686	B>A	Stotis–Lazdynai–Pašilaičiai	959	961.66998	1.2	Stotis	960.40002	3.8	„Sparta“	968	16	Troleibusai	16	05
665394	3-10399	2686	A>B	Pašilaičiai–Lazdynai–Stotis	1021	1021.2	0.1	Pašilaičių žiedas	1021.5	3.2	Naujamiestis	1058	16	Troleibusai	16	05
665394	3-10399	2686	A>B	Pašilaičiai–Lazdynai–Stotis	1331	1334.6899	0.5	„Sparta“	1366.4	3.8	Vilniaus rajono poliklinika	1337	16	Troleibusai	16	05
665289	3-1776	2691	B>A	Stotis–Lazdynai–Pašilaičiai	685	688.15997	2.3	Stotis	687.40002	7.8000002	Sietyno st.	720.90002	16	Troleibusai	16	06Ž
665289	3-1776	2691	B>A	Stotis–Lazdynai–Pašilaičiai	783	781.95001	-3.5	Gerosios Vilties st.	794	0.30000001	Rygos st.	818.79999	16	Troleibusai	16	06Ž
665289	3-1776	2691	A>B	Pašilaičiai–Lazdynai–Stotis	925	926.84003	1.8	Savanorių prospektas	956.09998	3.5	Viršuliškės	938.20001	16	Troleibusai	16	06Ž
665289	3-1776	2691	B>A	Stotis–Lazdynai–Pašilaičiai	966	968.34003	1.6	Stotis	967.70001	3.5999999	Čiobiškio st.	1006.1	16	Troleibusai	16	06Ž
665450	3-2484	2669	B>A	Stotis–Lazdynai–Pašilaičiai	793	794.88	1.5	Stotis	794.59998	4.1999998	Rygos st.	832.79999	16	Troleibusai	16	07
665450	3-2484	2669	B>A	Stotis–Lazdynai–Pašilaičiai	1014	1014.07	-0.5	Stotis	1013.6	3.5999999	Parodų rūmai	1035.8	16	Troleibusai	16	07
665389	3-10625	2684	B>A	Stotis–Lazdynai–Pašilaičiai	854	855.12	0.60000002	Stotis	854.70001	3.4000001	Rygos st.	893	16	Troleibusai	16	09Ž
665389	3-10625	2684	B>A	Stotis–Lazdynai–Pašilaičiai	949	950.71997	1.1	Stotis	950.20001	3.0999999	Žemynos st.	991.90002	16	Troleibusai	16	09Ž
665389	3-10625	2684	B>A	Stotis–Lazdynai–Pašilaičiai	1040	1041.37	0.60000002	Stotis	1040.7	3.0999999	„Sparta“	1048.3	16	Troleibusai	16	09Ž
665389	3-10625	2684	B>A	Stotis–Lazdynai–Pašilaičiai	1155	1158.5	2	Vilniaus rajono poliklinika	1194.8	4.3000002	„Sparta“	1164.5	16	Troleibusai	16	09Ž
665389	3-10625	2684	A>B	Pašilaičiai–Lazdynai–Stotis	1208	1208.61	0.60000002	Čiobiškio st.	1212.3	4.1999998	„Sparta“	1247	16	Troleibusai	16	09Ž
665389	3-10625	2684	B>A	Stotis–Lazdynai–Pašilaičiai	1248	1251.62	2.2	Žemynos st.	1287.3	5.5	„Sparta“	1257.7	16	Troleibusai	16	09Ž
665482	3-2894	2622	A>B	Pašilaičiai–Lazdynai–Stotis	898	898.65997	0.80000001	Žemynos st.	900	4.0999999	Aguonų st.	939.90002	16	Troleibusai	16	10
665482	3-2894	2622	B>A	Stotis–Lazdynai–Pašilaičiai	939	943.13	3.5999999	Stotis	942.70001	6.9000001	Lazdynai	965.70001	16	Troleibusai	16	10
665482	3-2894	2622	B>A	Stotis–Lazdynai–Pašilaičiai	1029	1029.76	0.2	Stotis	1029.2	4.6999998	Žemynos st.	1072.7	16	Troleibusai	16	10
665298	3-10643	1675	A>B	Žirmūnai–Naujininkai	822	822.29999	-0.69999999	Kareivių st.	826.79999	3.2	Kražių st.	850.40002	17	Troleibusai	17	01Ž
665298	3-10643	1675	B>A	Naujininkai–Žirmūnai	870	870.96997	0.40000001	Naujininkai	870.5	4.3000002	Šaltinėlio st.	907.40002	17	Troleibusai	17	01Ž
665298	3-10643	1675	A>B	Žirmūnai–Naujininkai	1004	1004.73	0.2	Žirmūnų seniūnija	1007.9	3.8	Karaliaus Mindaugo tiltas	1027.5	17	Troleibusai	17	01Ž
665251	3-2567	1661	B>A	Naujininkai–Žirmūnai	635	636.04999	-0.2	Kražių st.	646.29999	3.3	Žirmūnų seniūnija	669.90002	17	Troleibusai	17	03
665233	3-2522	1662	B>A	Naujininkai–Žirmūnai	372	371.89001	-0.40000001	Naujininkai	371.60001	3.5999999	Tuskulėnų rimties parkas	395.60001	17	Troleibusai	17	04
665233	3-2522	1662	B>A	Naujininkai–Žirmūnai	1234	1234.5699	0.1	Juozo Tumo-Vaižganto st.	1244.1	3.4000001	Žirmūnų seniūnija	1267.2	17	Troleibusai	17	04
665378	3-10388	1706	A>B	Žirmūnai–Naujininkai	1201	1201.91	0.69999999	Kareivių st.	1207.1	4.0999999	Mikalojaus Konstantino Čiurlionio st.	1234.2	17	Troleibusai	17	06Ž
665379	3-3066	1677	A>B	Žirmūnai–Naujininkai	445	449.67999	2.2	„Sparta“	480.39999	5.8000002	Karaliaus Mindaugo tiltas	469.60001	17	Troleibusai	17	08
665405	3-10652	1678	A>B	Žirmūnai–Naujininkai	749	753.54999	4	Prūsų st.	789.40002	6.3000002	Kražių st.	780.5	17	Troleibusai	17	09
665381	3-2491	2670	A>B	Pašilaičiai–Justiniškės–Žemieji Paneriai–Titnago g.	403	404.17001	1	Taikos st.	409.70001	3.4000001	Sietyno st.	421.70001	18	Troleibusai	18	01
665381	3-2491	2670	B>A	Titnago g.–Žemieji Paneriai–Justiniškės–Pašilaičiai	540	545.04999	0.40000001	Kaukaro st.	573.29999	4.9000001	Šaltupio st.	546.09998	18	Troleibusai	18	01
665381	3-2491	2670	B>A	Titnago g.–Žemieji Paneriai–Justiniškės–Pašilaičiai	1041	1040.85	-3.5	Titnago st.	1037.5	1.7	Justiniškės	1078.6	18	Troleibusai	18	01
665381	3-2491	2670	B>A	Titnago g.–Žemieji Paneriai–Justiniškės–Pašilaičiai	1270	1269.89	-3.4000001	Titnago st.	1266.7	1	Valkininkų st.	1273.7	18	Troleibusai	18	01
665459	3-2869	2499	B>A	Titnago g.–Žemieji Paneriai–Justiniškės–Pašilaičiai	637	635.35999	-3.2	Riovonys	644.90002	-1.4	Lūžiai	669.5	18	Troleibusai	18	03
665360	3-164	2510	A>B	Pašilaičiai–Konstitucijos pr.–Antakalnis–Saulėtekis	624	625.21002	-0.2	Viršuliškės	633.5	3.4000001	Lvovo st.	651.90002	19	Troleibusai	19	01
665360	3-164	2510	B>A	Saulėtekis–Antakalnis–Konstitucijos pr.–Pašilaičiai	680	680.62	0.5	Senoji plytinė	681.59998	5.4000001	Pal. Jurgio Matulaičio bažnyčia	724	19	Troleibusai	19	01
665360	3-164	2510	B>A	Saulėtekis–Antakalnis–Konstitucijos pr.–Pašilaičiai	789	789.81	0.69999999	Gedimino technikos universitetas	791.79999	3.5999999	Rygos st.	832.79999	19	Troleibusai	19	01
665360	3-164	2510	A>B	Pašilaičiai–Konstitucijos pr.–Antakalnis–Saulėtekis	841	841.81	0.40000001	Gedimino technikos universitetas	886	3.9000001	Lvovo st.	869.40002	19	Troleibusai	19	01
665360	3-164	2510	B>A	Saulėtekis–Antakalnis–Konstitucijos pr.–Pašilaičiai	900	899.69	-0.5	Vilniaus universitetas	902.40002	3.5	Sietyno st.	936.29999	19	Troleibusai	19	01
665302	3-2156	1692	B>A	Saulėtekis–Antakalnis–Konstitucijos pr.–Pašilaičiai	340	344.64001	1.3	Žemynos st.	383.89999	4.6999998	Senoji plytinė	345.70001	19	Troleibusai	19	02
665302	3-2156	1692	A>B	Pašilaičiai–Konstitucijos pr.–Antakalnis–Saulėtekis	400	403.32001	1.8	Viršuliškės	411.5	5.0999999	Lvovo st.	428.70001	19	Troleibusai	19	02
665302	3-2156	1692	B>A	Saulėtekis–Antakalnis–Konstitucijos pr.–Pašilaičiai	452	455.17999	1.8	Žemynos st.	497.70001	3.5	Panorama	483.20001	19	Troleibusai	19	02
665302	3-2156	1692	A>B	Pašilaičiai–Konstitucijos pr.–Antakalnis–Saulėtekis	504	507.20001	1.7	Viršuliškės	515.5	4.5999999	Lvovo st.	532.20001	19	Troleibusai	19	02
665302	3-2156	1692	A>B	Pašilaičiai–Konstitucijos pr.–Antakalnis–Saulėtekis	745	747.01001	1	Teodoro Narbuto st.	761.29999	4.5	Saulėtekis	791.90002	19	Troleibusai	19	02
665302	3-2156	1692	B>A	Saulėtekis–Antakalnis–Konstitucijos pr.–Pašilaičiai	801	801.92999	0.5	Vilniaus universitetas	804.29999	3.5	Rygos st.	844.70001	19	Troleibusai	19	02
665406	3-1877	1127	A>B	Pašilaičiai–Konstitucijos pr.–Antakalnis–Saulėtekis	516	515.66998	-0.89999998	Rygos st.	520.79999	27.9	Klinikų st.	579.79999	19	Troleibusai	19	03
665501	3-2845	1544	B>A	Saulėtekis–Antakalnis–Konstitucijos pr.–Pašilaičiai	574	593.52002	8	Spaudos rūmai	616.79999	10.3	Klinikų st.	594.5	19	Troleibusai	19	03
665501	3-2845	1544	A>B	Pašilaičiai–Konstitucijos pr.–Antakalnis–Saulėtekis	651	649.56	-3.3	Teodoro Narbuto st.	663.09998	-1	Saulėtekis	692.40002	19	Troleibusai	19	03
665501	3-2845	1544	B>A	Saulėtekis–Antakalnis–Konstitucijos pr.–Pašilaičiai	703	708.41998	4.9000001	Vilniaus universitetas	711.90002	9.1000004	Panorama	739.79999	19	Troleibusai	19	03
665501	3-2845	1544	B>A	Saulėtekis–Antakalnis–Konstitucijos pr.–Pašilaičiai	813	814.39001	0.89999998	Vilniaus universitetas	817.90002	3.2	Sietyno st.	849	19	Troleibusai	19	03
665501	3-2845	1544	A>B	Pašilaičiai–Konstitucijos pr.–Antakalnis–Saulėtekis	866	867.71002	1.7	Pašilaičių žiedas	868	5.5999999	Tuskulėnų rimties parkas	901.59998	19	Troleibusai	19	03
665501	3-2845	1544	B>A	Saulėtekis–Antakalnis–Konstitucijos pr.–Pašilaičiai	923	924.15997	1	Vilniaus universitetas	926.90002	3.5	Čiobiškio st.	967.70001	19	Troleibusai	19	03
665501	3-2845	1544	B>A	Saulėtekis–Antakalnis–Konstitucijos pr.–Pašilaičiai	1029	1029.22	0.1	Gedimino technikos universitetas	1031.3	3.7	Spaudos rūmai	1067.5	19	Troleibusai	19	03
665501	3-2845	1544	A>B	Pašilaičiai–Konstitucijos pr.–Antakalnis–Saulėtekis	1084	1084.89	0.69999999	Pal. Jurgio Matulaičio bažnyčia	1091.8	4.3000002	Lvovo st.	1111.8	19	Troleibusai	19	03
665177	3-10562	2716	B>A	Saulėtekis–Antakalnis–Konstitucijos pr.–Pašilaičiai	1184	1183.96	-0.2	Vilniaus universitetas	1186.6	8	Saulėtekis	1196.3	19	Troleibusai	19	04
665177	3-10562	2716	A>B	Pašilaičiai–Konstitucijos pr.–Antakalnis–Saulėtekis	1238	1241.29	-2.7	Gedimino technikos universitetas	1277.8	3.9000001	Pal. Jurgio Matulaičio bažnyčia	1248	19	Troleibusai	19	04
665317	3-2877	2489	A>B	Pašilaičiai–Konstitucijos pr.–Antakalnis–Saulėtekis	579	579.38	0.40000001	Pašilaičių žiedas	579.79999	3.3	Lvovo st.	605.90002	19	Troleibusai	19	05
665317	3-2877	2489	A>B	Pašilaičiai–Konstitucijos pr.–Antakalnis–Saulėtekis	1011	1011.31	-0.40000001	Teodoro Narbuto st.	1025	3.3	Tuskulėnų rimties parkas	1043.3	19	Troleibusai	19	05
665362	3-2494	1664	B>A	Saulėtekis–Antakalnis–Konstitucijos pr.–Pašilaičiai	483	482.57001	-3.0999999	Spaudos rūmai	514.79999	-0.40000001	Senoji plytinė	483.60001	19	Troleibusai	19	06
665362	3-2494	1664	A>B	Pašilaičiai–Konstitucijos pr.–Antakalnis–Saulėtekis	671	672.90997	1.6	Gedimino technikos universitetas	717	3.5999999	Lietuvos sąjūdžio kelias	695.20001	19	Troleibusai	19	06
665362	3-2494	1664	B>A	Saulėtekis–Antakalnis–Konstitucijos pr.–Pašilaičiai	835	834.46002	-0.60000002	Gedimino technikos universitetas	836.59998	3.5999999	Sietyno st.	871.40002	19	Troleibusai	19	06
665362	3-2494	1664	A>B	Pašilaičiai–Konstitucijos pr.–Antakalnis–Saulėtekis	1112	1112.87	0.80000001	Spaudos rūmai	1124.4	4.3000002	Lvovo st.	1139.8	19	Troleibusai	19	06
665383	3-82	1506	B>A	Saulėtekis–Antakalnis–Konstitucijos pr.–Pašilaičiai	510	512.16998	2.0999999	Gedimino technikos universitetas	514.29999	5.5999999	Panorama	543.29999	19	Troleibusai	19	07
665383	3-82	1506	A>B	Pašilaičiai–Konstitucijos pr.–Antakalnis–Saulėtekis	699	700.15002	0.2	Rygos st.	705	4.3000002	Saulėtekis	745.70001	19	Troleibusai	19	07
665383	3-82	1506	A>B	Pašilaičiai–Konstitucijos pr.–Antakalnis–Saulėtekis	803	803.67999	0	Rygos st.	808.70001	6.0999999	Saulėtekis	851.5	19	Troleibusai	19	07
665383	3-82	1506	B>A	Saulėtekis–Antakalnis–Konstitucijos pr.–Pašilaičiai	859	859.44	0.2	Vilniaus universitetas	862	4.4000001	Pal. Jurgio Matulaičio bažnyčia	902	19	Troleibusai	19	07
665383	3-82	1506	B>A	Saulėtekis–Antakalnis–Konstitucijos pr.–Pašilaičiai	973	973.15002	0.40000001	Gedimino technikos universitetas	975.5	4.4000001	Pal. Jurgio Matulaičio bažnyčia	1015.9	19	Troleibusai	19	07
665383	3-82	1506	A>B	Pašilaičiai–Konstitucijos pr.–Antakalnis–Saulėtekis	1025	1025.95	-0.2	Šaulių sąjunga	1033	3.0999999	Tuskulėnų rimties parkas	1057.1	19	Troleibusai	19	07
665383	3-82	1506	B>A	Saulėtekis–Antakalnis–Konstitucijos pr.–Pašilaičiai	1080	1081.35	1.3	Gedimino technikos universitetas	1083.5	4.3000002	Rygos st.	1124.6	19	Troleibusai	19	07
665383	3-82	1506	B>A	Saulėtekis–Antakalnis–Konstitucijos pr.–Pašilaičiai	1215	1215.9301	0.80000001	Gedimino technikos universitetas	1218	3.9000001	Sietyno st.	1251	19	Troleibusai	19	07
665383	3-82	1506	A>B	Pašilaičiai–Konstitucijos pr.–Antakalnis–Saulėtekis	1386	1388.4	0.5	Vilniaus universitetas	1428.2	3.8	Lvovo st.	1412.3	19	Troleibusai	19	07
665376	3-2726	1532	A>B	Pašilaičiai–Konstitucijos pr.–Antakalnis–Saulėtekis	469	469.31	-1.2	Viršuliškės	477.60001	8.8000002	Lvovo st.	501.39999	19	Troleibusai	19	08
665376	3-2726	1532	B>A	Saulėtekis–Antakalnis–Konstitucijos pr.–Pašilaičiai	987	987.56	0.30000001	Vilniaus universitetas	990.20001	6	Viršuliškės	1029.8	19	Troleibusai	19	08
665376	3-2726	1532	A>B	Pašilaičiai–Konstitucijos pr.–Antakalnis–Saulėtekis	1040	1053.75	11.4	Gedimino technikos universitetas	1094.8	15.4	Lvovo st.	1078.9	19	Troleibusai	19	08
665376	3-2726	1532	B>A	Saulėtekis–Antakalnis–Konstitucijos pr.–Pašilaičiai	1093	1101.05	6.4000001	Minties st.	1114.7	9.3999996	Rygos st.	1142.6	19	Troleibusai	19	08
665376	3-2726	1532	A>B	Pašilaičiai–Konstitucijos pr.–Antakalnis–Saulėtekis	1175	1175.73	-0.2	Viršuliškės	1184.5	5.5999999	Nacionalinė dailės galerija	1201.8	19	Troleibusai	19	08
665376	3-2726	1532	A>B	Pašilaičiai–Konstitucijos pr.–Antakalnis–Saulėtekis	1286	1286.6801	0.30000001	Vilniaus universitetas	1327.9	3.7	Lietuvos sąjūdžio kelias	1308.3	19	Troleibusai	19	08
665366	3-2070	2693	A>B	Pašilaičiai–Konstitucijos pr.–Antakalnis–Saulėtekis	829	828.76001	-0.30000001	Pašilaičių žiedas	829.09998	4.0999999	Lvovo st.	857.59998	19	Troleibusai	19	09Ž
665366	3-2070	2693	A>B	Pašilaičiai–Konstitucijos pr.–Antakalnis–Saulėtekis	1054	1052.87	-4	Gedimino technikos universitetas	1093.5	-1.3	Žemynos st.	1053.9	19	Troleibusai	19	09Ž
665366	3-2070	2693	A>B	Pašilaičiai–Konstitucijos pr.–Antakalnis–Saulėtekis	1189	1189.26	-3.3	Gedimino technikos universitetas	1229.2	0.80000001	Lietuvos sąjūdžio kelias	1209.4	19	Troleibusai	19	09Ž
665366	3-2070	2693	B>A	Saulėtekis–Antakalnis–Konstitucijos pr.–Pašilaičiai	1350	1348.15	-6.8000002	Žemynos st.	1386	-1.6	Šeimyniškių st.	1366.1	19	Troleibusai	19	09Ž
665231	3-2583	1554	B>A	Stotis–Žygimantų g.–Saulėtekis	330	330.64001	0.5	Vinco Kudirkos aikštė	339.89999	3.8	Tverečiaus st.	356.60001	2	Troleibusai	2	01
665231	3-2583	1554	B>A	Stotis–Žygimantų g.–Saulėtekis	403	403.64999	0.60000002	Stotis	403.60001	4.0999999	Tverečiaus st.	429.89999	2	Troleibusai	2	01
665231	3-2583	1554	B>A	Stotis–Žygimantų g.–Saulėtekis	742	743.21997	1.1	Stotis	743.20001	4.4000001	Saulėtekis	775.40002	2	Troleibusai	2	01
665231	3-2583	1554	B>A	Stotis–Žygimantų g.–Saulėtekis	900	899.57001	-0.60000002	Stotis	899.40002	3.2	Šilo tiltas	924.20001	2	Troleibusai	2	01
665231	3-2583	1554	B>A	Stotis–Žygimantų g.–Saulėtekis	1092	1093.29	1.2	Stotis	1093.4	5.0999999	Antakalnis	1123.2	2	Troleibusai	2	01
665427	3-10353	1709	A>B	Saulėtekis–Žygimantų g.–Stotis	1225	1224.15	-3.0999999	Centro poliklinika	1249.8	-1	Senoji plytinė	1225.1	2	Troleibusai	2	02
665427	3-10353	1709	B>A	Stotis–Žygimantų g.–Saulėtekis	1262	1263.08	-0.60000002	Trakų st.	1266.2	3.5999999	Saulėtekis	1292.5	2	Troleibusai	2	02
665239	3-2688	1111	B>A	Stotis–Žygimantų g.–Saulėtekis	354	354.04001	-0.30000001	Stotis	353.79999	3.2	Tverečiaus st.	379.89999	2	Troleibusai	2	03
665239	3-2688	1111	B>A	Stotis–Žygimantų g.–Saulėtekis	692	694.71002	2.2	Stotis	694.29999	4.3000002	Kalnų parkas	710.70001	2	Troleibusai	2	03
665239	3-2688	1111	A>B	Saulėtekis–Žygimantų g.–Stotis	821	821.16998	0.2	Gedimino technikos universitetas	823.40002	4.9000001	Centro poliklinika	853.70001	2	Troleibusai	2	03
665239	3-2688	1111	B>A	Stotis–Žygimantų g.–Saulėtekis	858	862.77002	4.4000001	Stotis	862.5	7	Saulėtekis	893.90002	2	Troleibusai	2	03
665239	3-2688	1111	B>A	Stotis–Žygimantų g.–Saulėtekis	939	939.62	0.60000002	Stotis	939.70001	3.9000001	Saulėtekis	971.79999	2	Troleibusai	2	03
665239	3-2688	1111	B>A	Stotis–Žygimantų g.–Saulėtekis	1019	1018.94	-0.30000001	Stotis	1018.8	3.0999999	Nemenčinės plentas	1049.2	2	Troleibusai	2	03
665239	3-2688	1111	A>B	Saulėtekis–Žygimantų g.–Stotis	1084	1084.13	0.2	Gedimino technikos universitetas	1086.4	4.8000002	Trakų st.	1118.7	2	Troleibusai	2	03
665239	3-2688	1111	B>A	Stotis–Žygimantų g.–Saulėtekis	1121	1124.41	3.3	Stotis	1124.3	4.5999999	Saulėtekis	1154.5	2	Troleibusai	2	03
665239	3-2688	1111	B>A	Stotis–Žygimantų g.–Saulėtekis	1197	1198.0601	1	Stotis	1198.1	6.3000002	Saulėtekis	1230.2	2	Troleibusai	2	03
665403	3-10651	1698	B>A	Stotis–Žygimantų g.–Saulėtekis	768	768.91998	0.89999998	Stotis	769.09998	3.0999999	Karaliaus Mindaugo tiltas	784.20001	2	Troleibusai	2	04
665403	3-10651	1698	A>B	Saulėtekis–Žygimantų g.–Stotis	894	893.71002	-0.2	Gedimino technikos universitetas	895.90002	4.6999998	Gėlių st.	931.5	2	Troleibusai	2	04
665403	3-10651	1698	B>A	Stotis–Žygimantų g.–Saulėtekis	931	934.85999	3.4000001	Gedimino technikos universitetas	965.29999	5.6999998	Kalnų parkas	951.09998	2	Troleibusai	2	04
665279	3-10593	1679	B>A	Stotis–Žygimantų g.–Saulėtekis	370	369.84	-0.5	Stotis	369.60001	3.8	Kalnų parkas	387.20001	2	Troleibusai	2	05Ž
665279	3-10593	1679	A>B	Saulėtekis–Žygimantų g.–Stotis	674	673.44	-0.60000002	Gedimino technikos universitetas	675.5	3.8	Vinco Kudirkos aikštė	702.5	2	Troleibusai	2	05Ž
665279	3-10593	1679	B>A	Stotis–Žygimantų g.–Saulėtekis	711	716.01001	4.5	Stotis	715.59998	6.3000002	Kalnų parkas	731.79999	2	Troleibusai	2	05Ž
665279	3-10593	1679	A>B	Saulėtekis–Žygimantų g.–Stotis	839	838.67999	-0.40000001	Gedimino technikos universitetas	840.79999	6	Centro poliklinika	872.79999	2	Troleibusai	2	05Ž
665279	3-10593	1679	B>A	Stotis–Žygimantų g.–Saulėtekis	876	881.09998	5.1999998	Stotis	881.20001	8.5	Nemenčinės plentas	911.59998	2	Troleibusai	2	05Ž
665279	3-10593	1679	A>B	Saulėtekis–Žygimantų g.–Stotis	998	997.79999	-0.1	Senoji plytinė	999	3.2	Centro poliklinika	1029.1	2	Troleibusai	2	05Ž
665279	3-10593	1679	B>A	Stotis–Žygimantų g.–Saulėtekis	1035	1037.4	2.4000001	Stotis	1037.6	4.9000001	Saulėtekis	1068.8	2	Troleibusai	2	05Ž
665279	3-10593	1679	A>B	Saulėtekis–Žygimantų g.–Stotis	1103	1102.01	-1.1	Gedimino technikos universitetas	1104	4.1999998	Vingriai	1138.5	2	Troleibusai	2	05Ž
665279	3-10593	1679	B>A	Stotis–Žygimantų g.–Saulėtekis	1140	1143.09	3	Vinco Kudirkos aikštė	1152.5	6.6999998	Saulėtekis	1173.6	2	Troleibusai	2	05Ž
665279	3-10593	1679	B>A	Stotis–Žygimantų g.–Saulėtekis	1217	1217.2	0.1	Stotis	1217.3	3.0999999	Šilo tiltas	1239.1	2	Troleibusai	2	05Ž
665410	3-3161	1448	A>B	Saulėtekis–Žygimantų g.–Stotis	638	638.29999	0.30000001	Vilniaus universitetas	641.09998	3.2	Centro poliklinika	669	2	Troleibusai	2	06
665410	3-3161	1448	B>A	Stotis–Žygimantų g.–Saulėtekis	675	677.67999	1.3	Gedimino technikos universitetas	707.40002	3.9000001	Karaliaus Mindaugo tiltas	692	2	Troleibusai	2	06
665410	3-3161	1448	B>A	Stotis–Žygimantų g.–Saulėtekis	867	866.96997	0	Stotis	867	3.2	Saulėtekis	899.09998	2	Troleibusai	2	06
665410	3-3161	1448	B>A	Stotis–Žygimantų g.–Saulėtekis	947	949.45001	2.2	Stotis	949.40002	4.6999998	Karaliaus Mindaugo tiltas	964.90002	2	Troleibusai	2	06
665410	3-3161	1448	A>B	Saulėtekis–Žygimantų g.–Stotis	1189	1189.2	0.1	Centro poliklinika	1217.1	3.0999999	Antakalnis	1199.2	2	Troleibusai	2	06
665278	3-2600	1614	B>A	Stotis–Žygimantų g.–Saulėtekis	384	384.85001	0.80000001	Trakų st.	389.60001	3.4000001	Tverečiaus st.	410.20001	2	Troleibusai	2	07
665278	3-2600	1614	B>A	Stotis–Žygimantų g.–Saulėtekis	650	650.40997	0.40000001	Stotis	650.40002	3.3	Saulėtekis	682.20001	2	Troleibusai	2	07
665278	3-2600	1614	B>A	Stotis–Žygimantų g.–Saulėtekis	729	730.60999	1.5	Stotis	730.5	4	Kalnų parkas	747.40002	2	Troleibusai	2	07
665278	3-2600	1614	B>A	Stotis–Žygimantų g.–Saulėtekis	812	814.92999	1.9	Petro Vileišio st.	834.20001	3.8	Saulėtekis	844.70001	2	Troleibusai	2	07
665278	3-2600	1614	A>B	Saulėtekis–Žygimantų g.–Stotis	855	854.82001	-0.2	Senoji plytinė	855.90002	3.5999999	Centro poliklinika	886.40002	2	Troleibusai	2	07
665278	3-2600	1614	B>A	Stotis–Žygimantų g.–Saulėtekis	892	894.12	2.0999999	Stotis	894.09998	3.8	Saulėtekis	924.70001	2	Troleibusai	2	07
665278	3-2600	1614	B>A	Stotis–Žygimantų g.–Saulėtekis	972	972.73999	0.5	Stotis	972.59998	3.4000001	Saulėtekis	1004.3	2	Troleibusai	2	07
665278	3-2600	1614	B>A	Stotis–Žygimantų g.–Saulėtekis	1167	1167.27	0.30000001	Stotis	1167.5	4.0999999	Tverečiaus st.	1193.8	2	Troleibusai	2	07
665278	3-2600	1614	B>A	Stotis–Žygimantų g.–Saulėtekis	1244	1244.3	0.30000001	Stotis	1244.4	3.5999999	Saulėtekis	1274.5	2	Troleibusai	2	07
665357	3-10391	1703	B>A	Stotis–Žygimantų g.–Saulėtekis	760	761.53003	1.3	Stotis	761.5	3.2	Tverečiaus st.	788	2	Troleibusai	2	08Ž
665357	3-10391	1703	B>A	Stotis–Žygimantų g.–Saulėtekis	1271	1271.38	0.40000001	Stotis	1271.6	5.9000001	Šilo tiltas	1295.9	2	Troleibusai	2	08Ž
665415	3-418	1629	A>B	Saulėtekis–Žygimantų g.–Stotis	664	663.33002	-0.60000002	Vilniaus universitetas	667.40002	3.0999999	Vinco Kudirkos aikštė	691.90002	2	Troleibusai	2	09
665415	3-418	1629	B>A	Stotis–Žygimantų g.–Saulėtekis	1235	1236.13	1.1	Stotis	1236.2	3.3	Šilo tiltas	1257.3	2	Troleibusai	2	09
665420	3-1692	1700	A>B	Saulėtekis–Žygimantų g.–Stotis	512	512.15002	0	Gedimino technikos universitetas	514.29999	4.5999999	Vinco Kudirkos aikštė	541.29999	2	Troleibusai	2	10
665420	3-1692	1700	B>A	Stotis–Žygimantų g.–Saulėtekis	549	552.09998	2.5	Petro Vileišio st.	571.79999	3.8	Saulėtekis	581.70001	2	Troleibusai	2	10
665420	3-1692	1700	A>B	Saulėtekis–Žygimantų g.–Stotis	871	867.71997	-3.5	Saulėtekis	871.90002	0.1	Vinco Kudirkos aikštė	895.79999	2	Troleibusai	2	10
665420	3-1692	1700	B>A	Stotis–Žygimantų g.–Saulėtekis	908	908.42999	0.1	Stotis	908.09998	4.1999998	Šilo tiltas	933.20001	2	Troleibusai	2	10
665420	3-1692	1700	B>A	Stotis–Žygimantų g.–Saulėtekis	988	990.17999	2	Stotis	990.20001	3.5	Jogailos st.	999.20001	2	Troleibusai	2	10
665420	3-1692	1700	A>B	Saulėtekis–Žygimantų g.–Stotis	1027	1026.41	-0.5	Gedimino technikos universitetas	1028.7	3.2	Trakų st.	1060	2	Troleibusai	2	10
665420	3-1692	1700	B>A	Stotis–Žygimantų g.–Saulėtekis	1064	1066.33	2.2	Stotis	1066.2	3.5	Saulėtekis	1096.4	2	Troleibusai	2	10
665420	3-1692	1700	B>A	Stotis–Žygimantų g.–Saulėtekis	1149	1151.17	2.3	Stotis	1151.5	4	Saulėtekis	1179.9	2	Troleibusai	2	10
665326	3-1875	1655	B>A	Stotis–Pylimo–Žygimantų g.–Žirmūnai	802	801.71002	-0.40000001	Stotis	801.70001	4.6999998	Kareivių st.	832.09998	20	Troleibusai	20	01
665326	3-1875	1655	B>A	Stotis–Pylimo–Žygimantų g.–Žirmūnai	878	881.09998	2.7	Stotis	880.79999	7.0999999	Žirmūnų seniūnija	912.70001	20	Troleibusai	20	01
665326	3-1875	1655	A>B	Žirmūnai–Žygimantų–Pylimo g.–Stotis	926	925.84998	-0.5	Žirmūnų seniūnija	929.20001	3.8	Gėlių st.	961.40002	20	Troleibusai	20	01
665326	3-1875	1655	B>A	Stotis–Pylimo–Žygimantų g.–Žirmūnai	962	965.53003	3.5	Stotis	965.70001	4.6999998	Žirmūnų seniūnija	994.40002	20	Troleibusai	20	01
665326	3-1875	1655	A>B	Žirmūnai–Žygimantų–Pylimo g.–Stotis	998	999.54999	1	Kareivių st.	1004.5	4.5999999	Centro poliklinika	1029.2	20	Troleibusai	20	01
665326	3-1875	1655	B>A	Stotis–Pylimo–Žygimantų g.–Žirmūnai	1034	1037.98	3.7	Stotis	1037.8	7.0999999	Žirmūnų seniūnija	1068.7	20	Troleibusai	20	01
665326	3-1875	1655	A>B	Žirmūnai–Žygimantų–Pylimo g.–Stotis	1101	1101.01	0	Šaltinėlio st.	1102.2	3.8	Vinco Kudirkos aikštė	1128.3	20	Troleibusai	20	01
665326	3-1875	1655	B>A	Stotis–Pylimo–Žygimantų g.–Žirmūnai	1137	1139.61	2.4000001	Stotis	1139.5	7.5999999	Žirmūnų seniūnija	1171.3	20	Troleibusai	20	01
665326	3-1875	1655	A>B	Žirmūnai–Žygimantų–Pylimo g.–Stotis	1171	1173.65	2.4000001	Žirmūnų seniūnija	1177.3	4.4000001	Karaliaus Mindaugo tiltas	1194.1	20	Troleibusai	20	01
665326	3-1875	1655	B>A	Stotis–Pylimo–Žygimantų g.–Žirmūnai	1206	1208.09	2.0999999	Stotis	1208.3	5.5999999	Kareivių st.	1235	20	Troleibusai	20	01
665326	3-1875	1655	B>A	Stotis–Pylimo–Žygimantų g.–Žirmūnai	1275	1275.13	0.1	Stotis	1275.2	3.8	Kareivių st.	1302.2	20	Troleibusai	20	01
665408	3-2700	1660	A>B	Žirmūnai–Žygimantų–Pylimo g.–Stotis	467	472.87	0.89999998	Vingriai	496.89999	5.5999999	Šaltinėlio st.	473.60001	20	Troleibusai	20	02
665408	3-2700	1660	B>A	Stotis–Pylimo–Žygimantų g.–Žirmūnai	922	924.32001	2.0999999	Stotis	924.20001	5.0999999	Žirmūnų seniūnija	954.70001	20	Troleibusai	20	02
665408	3-2700	1660	A>B	Žirmūnai–Žygimantų–Pylimo g.–Stotis	1227	1228.04	0.40000001	Žirmūnų seniūnija	1231.2	3.5999999	Vingriai	1259.7	20	Troleibusai	20	02
665408	3-2700	1660	B>A	Stotis–Pylimo–Žygimantų g.–Žirmūnai	1262	1264.6801	1.2	Šaltinėlio st.	1290.3	3.7	Tuskulėnų rimties parkas	1282.5	20	Troleibusai	20	02
665296	3-2620	1651	B>A	Stotis–Pylimo–Žygimantų g.–Žirmūnai	822	822.03998	-0.1	Stotis	822	4.8000002	Žirmūnų seniūnija	854.40002	20	Troleibusai	20	03
665296	3-2620	1651	B>A	Stotis–Pylimo–Žygimantų g.–Žirmūnai	899	899.28003	0.30000001	Stotis	899.40002	3.3	Kareivių st.	927.79999	20	Troleibusai	20	03
665296	3-2620	1651	B>A	Stotis–Pylimo–Žygimantų g.–Žirmūnai	1242	1242.65	0.60000002	Stotis	1242.8	4.0999999	Tuskulėnų rimties parkas	1262.9	20	Troleibusai	20	03
665296	3-2620	1651	B>A	Stotis–Pylimo–Žygimantų g.–Žirmūnai	1318	1318.22	0.2	Stotis	1318.4	3.7	Kareivių st.	1345.1	20	Troleibusai	20	03
665380	3-2357	1720	A>B	Žirmūnai–Žygimantų–Pylimo g.–Stotis	747	748.44	1.2	Žirmūnų seniūnija	752.09998	3.4000001	Centro poliklinika	777	20	Troleibusai	20	04
665380	3-2357	1720	B>A	Stotis–Pylimo–Žygimantų g.–Žirmūnai	783	786	2.5999999	Stotis	785.79999	4.0999999	Jogailos st.	794.79999	20	Troleibusai	20	04
665380	3-2357	1720	B>A	Stotis–Pylimo–Žygimantų g.–Žirmūnai	861	861.52002	0.30000001	Stotis	861.5	3.0999999	Žirmūnų seniūnija	891.70001	20	Troleibusai	20	04
665380	3-2357	1720	B>A	Stotis–Pylimo–Žygimantų g.–Žirmūnai	1020	1022.32	2.0999999	Stotis	1022.1	3.5	Karaliaus Mindaugo tiltas	1036.7	20	Troleibusai	20	04
665280	3-2038	2564	B>A	Šeimyniškių g.–Žvėrynas–Karoliniškės	861	862.15002	1	Žaliasis tiltas	866.90002	3.7	Atminties st.	893	3	Troleibusai	3	01
665280	3-2038	2564	A>B	Karoliniškės–Žvėrynas–Šeimyniškių g.	1088	1088.29	0.1	Ugniagesių st.	1091	3.0999999	Karaliaus Mindaugo tiltas	1119.2	3	Troleibusai	3	01
665280	3-2038	2564	B>A	Šeimyniškių g.–Žvėrynas–Karoliniškės	1122	1125.01	3.2	„Žalgirio“ stadionas	1126.7	4.9000001	Karoliniškių poliklinika	1152.6	3	Troleibusai	3	01
665280	3-2038	2564	B>A	Šeimyniškių g.–Žvėrynas–Karoliniškės	1199	1200.84	2	„Žalgirio“ stadionas	1202.5	5.8000002	Atminties st.	1233.1	3	Troleibusai	3	01
665436	3-1992	2546	B>A	Šeimyniškių g.–Žvėrynas–Karoliniškės	758	756.75	-1.3	„Žalgirio“ stadionas	758.20001	3.0999999	Sėlių st.	778	3	Troleibusai	3	02
665436	3-1992	2546	B>A	Šeimyniškių g.–Žvėrynas–Karoliniškės	951	949.75	-1.1	Šeimyniškių st.	949.90002	3.8	Karoliniškių poliklinika	980.5	3	Troleibusai	3	02
665436	3-1992	2546	B>A	Šeimyniškių g.–Žvėrynas–Karoliniškės	1036	1035.4	-0.60000002	„Žalgirio“ stadionas	1036.9	3.7	Sietyno st.	1062.4	3	Troleibusai	3	02
665308	3-2801	2621	B>A	Šeimyniškių g.–Žvėrynas–Karoliniškės	479	476.59	-3.5	Vinco Kudirkos aikštė	485.29999	-2.0999999	Liubarto tiltas	490.10001	3	Troleibusai	3	03
665308	3-2801	2621	A>B	Karoliniškės–Žvėrynas–Šeimyniškių g.	786	784.23999	-3.4000001	Šv. Petro ir Povilo bažnyčia	815	-1.4	Ugniagesių st.	787.5	3	Troleibusai	3	03
665308	3-2801	2621	B>A	Šeimyniškių g.–Žvėrynas–Karoliniškės	821	817.84003	-4.3000002	Vinco Kudirkos aikštė	824.59998	-1.4	Sietyno st.	842.40002	3	Troleibusai	3	03
665308	3-2801	2621	B>A	Šeimyniškių g.–Žvėrynas–Karoliniškės	899	901.26001	2.2	Vinco Kudirkos aikštė	908.90002	4.4000001	Teodoro Narbuto st.	923.5	3	Troleibusai	3	03
665308	3-2801	2621	B>A	Šeimyniškių g.–Žvėrynas–Karoliniškės	971	972.34998	0.5	Žaliasis tiltas	976.5	4	Karoliniškių poliklinika	1000.7	3	Troleibusai	3	03
665308	3-2801	2621	B>A	Šeimyniškių g.–Žvėrynas–Karoliniškės	1057	1057.22	0.2	„Žalgirio“ stadionas	1058.6	3.9000001	Liubarto tiltas	1074.1	3	Troleibusai	3	03
665308	3-2801	2621	B>A	Šeimyniškių g.–Žvėrynas–Karoliniškės	1155	1157.03	2	„Žalgirio“ stadionas	1158.5	6.4000001	Latvių st.	1176.9	3	Troleibusai	3	03
665308	3-2801	2621	B>A	Šeimyniškių g.–Žvėrynas–Karoliniškės	1227	1229.01	0.80000001	Vinco Kudirkos aikštė	1235.6	4.3000002	Sietyno st.	1254	3	Troleibusai	3	03
665308	3-2801	2621	A>B	Karoliniškės–Žvėrynas–Šeimyniškių g.	1267	1269.05	1.3	Jokūbo Jasinskio st.	1286.2	4.1999998	Kalnų parkas	1299.2	3	Troleibusai	3	03
665308	3-2801	2621	B>A	Šeimyniškių g.–Žvėrynas–Karoliniškės	1299	1303.62	3.5	Atminties st.	1330.8	5.4000001	Liubarto tiltas	1317.6	3	Troleibusai	3	03
665465	3-3010	2589	B>A	Šeimyniškių g.–Žvėrynas–Karoliniškės	794	792.29999	-1.6	Šeimyniškių st.	792.5	3.9000001	Teodoro Narbuto st.	818	3	Troleibusai	3	04
665465	3-3010	2589	A>B	Karoliniškės–Žvėrynas–Šeimyniškių g.	956	955.54999	-3.9000001	Šv. Petro ir Povilo bažnyčia	984.40002	-0.30000001	Pasakų parkas	955.90002	3	Troleibusai	3	04
665465	3-3010	2589	B>A	Šeimyniškių g.–Žvėrynas–Karoliniškės	991	988.01001	-3.3	Žaliasis tiltas	992.5	-0.69999999	Sėlių st.	1007.2	3	Troleibusai	3	04
665465	3-3010	2589	A>B	Karoliniškės–Žvėrynas–Šeimyniškių g.	1045	1044.77	-4.0999999	Šv. Petro ir Povilo bažnyčia	1073	-0.40000001	Ugniagesių st.	1047.5	3	Troleibusai	3	04
665465	3-3010	2589	B>A	Šeimyniškių g.–Žvėrynas–Karoliniškės	1080	1076.38	-3.9000001	Žaliasis tiltas	1080.9	-1.4	Teodoro Narbuto st.	1098.7	3	Troleibusai	3	04
665195	3-10694	1704	B>A	Gerosios Vilties st.–Centras–Antakalnis	1033	1035.9301	2.8	Simono Konarskio st.	1044.1	5.0999999	Kalnų parkas	1060.8	4	Troleibusai	4	01
665195	3-10694	1704	B>A	Gerosios Vilties st.–Centras–Antakalnis	1213	1214.76	1.7	Juozo Tumo-Vaižganto st.	1228.4	3.5	Antakalnis	1249.2	4	Troleibusai	4	01
665349	3-10382	1674	A>B	Antakalnis–Centras–Gerosios Vilties st.	363	362.31	-5.1999998	Vingis	387.79999	-0.2	Antakalnio žiedas	362.89999	4	Troleibusai	4	04Ž
665349	3-10382	1674	A>B	Antakalnis–Centras–Gerosios Vilties st.	438	437	-3.2	Mikalojaus Konstantino Čiurlionio st.	462.20001	-1.1	Tverečiaus st.	440.39999	4	Troleibusai	4	04Ž
665349	3-10382	1674	B>A	Gerosios Vilties st.–Centras–Antakalnis	472	469.92999	-4.4000001	Petro Vileišio st.	496.29999	-2.0999999	Gerosios Vilties st.	472.5	4	Troleibusai	4	04Ž
665349	3-10382	1674	A>B	Antakalnis–Centras–Gerosios Vilties st.	513	512.46997	-3.5	Simono Konarskio st.	538.20001	0	Antakalnio žiedas	513.09998	4	Troleibusai	4	04Ž
665349	3-10382	1674	B>A	Gerosios Vilties st.–Centras–Antakalnis	547	544.15002	-4.5	Antakalnis	577.20001	-2.2	Mikalojaus Konstantino Čiurlionio st.	555.29999	4	Troleibusai	4	04Ž
665349	3-10382	1674	B>A	Gerosios Vilties st.–Centras–Antakalnis	736	734.54999	-4.6999998	Kalnų parkas	754	13.6	Antakalnis	784.70001	4	Troleibusai	4	04Ž
665358	3-3009	1631	B>A	Gerosios Vilties st.–Centras–Antakalnis	928	930.40997	1.9	Šv. Petro ir Povilo bažnyčia	954.5	3.0999999	Operos ir baleto teatras	948.09998	4	Troleibusai	4	05
665481	3-3132	1634	B>A	Gerosios Vilties st.–Centras–Antakalnis	960	963.33002	2.5999999	Šv. Petro ir Povilo bažnyčia	987	3.3	Gerosios Vilties st.	965.90002	4	Troleibusai	4	06
665481	3-3132	1634	B>A	Gerosios Vilties st.–Centras–Antakalnis	1042	1044.38	1.7	Vingis	1050.9	3.5999999	Tverečiaus st.	1078.7	4	Troleibusai	4	06
665365	3-10699	1707	B>A	Gerosios Vilties st.–Centras–Antakalnis	1224	1223.53	-3.3	Kražių st.	1236.1	0.30000001	Tverečiaus st.	1255.5	4	Troleibusai	4	07
665480	3-103	1595	B>A	Gerosios Vilties st.–Centras–Antakalnis	610	613.15002	2.5999999	Mikalojaus Konstantino Čiurlionio st.	623.09998	5.0999999	Tverečiaus st.	648.09998	4	Troleibusai	4	08
665480	3-103	1595	A>B	Antakalnis–Centras–Gerosios Vilties st.	665	666.87	2.0999999	Mikalojaus Konstantino Čiurlionio st.	694.40002	3.4000001	Kražių st.	690.5	4	Troleibusai	4	08
665480	3-103	1595	B>A	Gerosios Vilties st.–Centras–Antakalnis	699	701.33002	2	Simono Konarskio st.	709.29999	4.0999999	Juozo Tumo-Vaižganto st.	716.79999	4	Troleibusai	4	08
665480	3-103	1595	A>B	Antakalnis–Centras–Gerosios Vilties st.	777	777.52002	0.5	Antakalnis	780.29999	3.3	Savanorių prospektas	812.09998	4	Troleibusai	4	08
665480	3-103	1595	B>A	Gerosios Vilties st.–Centras–Antakalnis	811	814.63	3.5999999	Savanorių prospektas	819.5	7.1999998	Antakalnis	852.59998	4	Troleibusai	4	08
665480	3-103	1595	A>B	Antakalnis–Centras–Gerosios Vilties st.	863	863.26001	0.30000001	Antakalnis	866.09998	3.9000001	Savanorių prospektas	898.70001	4	Troleibusai	4	08
665480	3-103	1595	B>A	Gerosios Vilties st.–Centras–Antakalnis	897	901.70001	5.4000001	Savanorių prospektas	907.29999	8.1000004	Operos ir baleto teatras	922.09998	4	Troleibusai	4	08
665480	3-103	1595	B>A	Gerosios Vilties st.–Centras–Antakalnis	978	979.46002	0.60000002	Kražių st.	994.09998	3.0999999	Antakalnis	1015.5	4	Troleibusai	4	08
665480	3-103	1595	A>B	Antakalnis–Centras–Gerosios Vilties st.	1028	1027.8	0	Antakalnio žiedas	1028.2	3.7	Savanorių prospektas	1063.5	4	Troleibusai	4	08
665480	3-103	1595	B>A	Gerosios Vilties st.–Centras–Antakalnis	1062	1066.21	4.5999999	Savanorių prospektas	1071.6	10.9	Antakalnis	1107.3	4	Troleibusai	4	08
665252	3-10631	1681	B>A	Žemieji Paneriai–J. Basanavičiaus–Kalvarijų g.–Žirmūnai	559	559.28998	-0.40000001	Riovonys	566.79999	3.7	Autobusų parkas	607.29999	6	Troleibusai	6	01
665252	3-10631	1681	A>B	Žirmūnai–Kalvarijų–J. Basanavičiaus g.–Žemieji Paneriai	640	641.58002	0.60000002	Pramogų arena	649.79999	4.5999999	Centro poliklinika	669.20001	6	Troleibusai	6	01
665252	3-10631	1681	A>B	Žirmūnai–Kalvarijų–J. Basanavičiaus g.–Žemieji Paneriai	873	873.27002	-1.7	Pramogų arena	880.29999	6.4000001	Pakalniškių st.	922.40002	6	Troleibusai	6	01
665252	3-10631	1681	A>B	Žirmūnai–Kalvarijų–J. Basanavičiaus g.–Žemieji Paneriai	987	986.78998	-0.80000001	Tauragnų st.	997.5	5.8000002	Žemieji Paneriai	1038.5	6	Troleibusai	6	01
665252	3-10631	1681	B>A	Žemieji Paneriai–J. Basanavičiaus–Kalvarijų g.–Žirmūnai	1040	1041.64	1.7	Valkininkų st.	1041.9	6.9000001	Jogailos st.	1071.7	6	Troleibusai	6	01
665252	3-10631	1681	A>B	Žirmūnai–Kalvarijų–J. Basanavičiaus g.–Žemieji Paneriai	1132	1132.29	-0.2	Pramogų arena	1141	6.4000001	Pakalniškių st.	1180.3	6	Troleibusai	6	01
665252	3-10631	1681	B>A	Žemieji Paneriai–J. Basanavičiaus–Kalvarijų g.–Žirmūnai	1184	1186.1899	2.4000001	Riovonys	1194.5	4.1999998	Autobusų parkas	1233.1	6	Troleibusai	6	01
665252	3-10631	1681	A>B	Žirmūnai–Kalvarijų–J. Basanavičiaus g.–Žemieji Paneriai	1237	1236.5601	-2.5	Pramogų arena	1243.8	6	Savanorių prospektas	1276.5	6	Troleibusai	6	01
665185	3-3124	1654	B>A	Žemieji Paneriai–J. Basanavičiaus–Kalvarijų g.–Žirmūnai	328	328.29001	-4	Tauragnų st.	363	0.5	Baldai	333.20001	6	Troleibusai	6	02
665185	3-3124	1654	A>B	Žirmūnai–Kalvarijų–J. Basanavičiaus g.–Žemieji Paneriai	1090	1090.6	0.2	Pramogų arena	1099.3	3.9000001	Centro poliklinika	1117.3	6	Troleibusai	6	02
665445	3-22	1596	B>A	Žemieji Paneriai–J. Basanavičiaus–Kalvarijų g.–Žirmūnai	594	593.69	-1	Broniaus Laurinavičiaus skveras	629.40002	3.9000001	Autobusų parkas	642.5	6	Troleibusai	6	03
665445	3-22	1596	A>B	Žirmūnai–Kalvarijų–J. Basanavičiaus g.–Žemieji Paneriai	898	898.03998	-1.1	Pramogų arena	906	34	Gerosios Vilties st.	969.29999	6	Troleibusai	6	03
665445	3-22	1596	B>A	Žemieji Paneriai–J. Basanavičiaus–Kalvarijų g.–Žirmūnai	955	971.71997	1.2	Pramogų arena	997.40002	5.3000002	Savanorių prospektas	974	6	Troleibusai	6	03
665246	3-10589	1708	B>A	Žemieji Paneriai–J. Basanavičiaus–Kalvarijų g.–Žirmūnai	1073	1073.99	-3.0999999	Tauragnų st.	1109.7	1.2	Algirdo st.	1093.1	6	Troleibusai	6	04Ž
665246	3-10589	1708	B>A	Žemieji Paneriai–J. Basanavičiaus–Kalvarijų g.–Žirmūnai	1207	1207.03	-5.5999999	Tauragnų st.	1241.3	0.5	Sausupio st.	1210.9	6	Troleibusai	6	04Ž
665246	3-10589	1708	B>A	Žemieji Paneriai–J. Basanavičiaus–Kalvarijų g.–Žirmūnai	1323	1323.6899	-4.4000001	Tauragnų st.	1357.6	0.89999998	Sausupio st.	1327.3	6	Troleibusai	6	04Ž
665390	3-1689	1701	B>A	Žemieji Paneriai–J. Basanavičiaus–Kalvarijų g.–Žirmūnai	468	468.42999	-4	Giedraičių st.	502.10001	0.80000001	Sausupio st.	472.29999	6	Troleibusai	6	05
665390	3-1689	1701	B>A	Žemieji Paneriai–J. Basanavičiaus–Kalvarijų g.–Žirmūnai	945	947.31	-0.60000002	Tauragnų st.	984.20001	3.5	Vilkpėdės st.	958	6	Troleibusai	6	05
665390	3-1689	1701	A>B	Žirmūnai–Kalvarijų–J. Basanavičiaus g.–Žemieji Paneriai	1000	1001.66	-0.30000001	Pramogų arena	1008.9	5.8000002	Vilkpėdės st.	1046.1	6	Troleibusai	6	05
665390	3-1689	1701	B>A	Žemieji Paneriai–J. Basanavičiaus–Kalvarijų g.–Žirmūnai	1054	1055.84	2	Baldai	1060.8	6.5	Reformatų st.	1083.5	6	Troleibusai	6	05
665390	3-1689	1701	B>A	Žemieji Paneriai–J. Basanavičiaus–Kalvarijų g.–Žirmūnai	1161	1162.09	-1.3	Tauragnų st.	1199.5	3.0999999	Pakalniškių st.	1170.3	6	Troleibusai	6	05
665390	3-1689	1701	A>B	Žirmūnai–Kalvarijų–J. Basanavičiaus g.–Žemieji Paneriai	1252	1254.22	0.80000001	Pramogų arena	1262	4	Gerosios Vilties st.	1290.8	6	Troleibusai	6	05
665390	3-1689	1701	A>B	Žirmūnai–Kalvarijų–J. Basanavičiaus g.–Žemieji Paneriai	1354	1355.41	0.40000001	Pramogų arena	1363.6	3.4000001	Centro poliklinika	1380.5	6	Troleibusai	6	05
665463	3-2450	1558	B>A	Žemieji Paneriai–J. Basanavičiaus–Kalvarijų g.–Žirmūnai	731	731.28998	-3.3	Tauragnų st.	767.5	0.60000002	Sausupio st.	735	6	Troleibusai	6	06
665463	3-2450	1558	A>B	Žirmūnai–Kalvarijų–J. Basanavičiaus g.–Žemieji Paneriai	820	827.53998	4.5	Pramogų arena	833.5	8.6999998	Riovonys	870.09998	6	Troleibusai	6	06
665463	3-2450	1558	B>A	Žemieji Paneriai–J. Basanavičiaus–Kalvarijų g.–Žirmūnai	878	877.01001	-3.2	Tauragnų st.	914.5	-0.30000001	Jogailos st.	902.5	6	Troleibusai	6	06
665463	3-2450	1558	A>B	Žirmūnai–Kalvarijų–J. Basanavičiaus g.–Žemieji Paneriai	934	935.82001	-0.2	Pramogų arena	942.79999	4.4000001	Vingis	972.5	6	Troleibusai	6	06
665268	3-2871	1640	A>B	Žirmūnai–Kalvarijų–J. Basanavičiaus g.–Žemieji Paneriai	595	594.75	-1.2	Pramogų arena	602.79999	4.9000001	Riovonys	641.29999	6	Troleibusai	6	07
665268	3-2871	1640	A>B	Žirmūnai–Kalvarijų–J. Basanavičiaus g.–Žemieji Paneriai	809	808.15997	-2.9000001	Pramogų arena	815.20001	4.0999999	Riovonys	854.5	6	Troleibusai	6	07
665268	3-2871	1640	A>B	Žirmūnai–Kalvarijų–J. Basanavičiaus g.–Žemieji Paneriai	922	922.12	-1.7	Pramogų arena	929.40002	3.8	Riovonys	967.20001	6	Troleibusai	6	07
665268	3-2871	1640	A>B	Žirmūnai–Kalvarijų–J. Basanavičiaus g.–Žemieji Paneriai	1041	1041.54	-1.4	Pramogų arena	1048.7	3.0999999	Reformatų st.	1069	6	Troleibusai	6	07
665268	3-2871	1640	A>B	Žirmūnai–Kalvarijų–J. Basanavičiaus g.–Žemieji Paneriai	1175	1176.12	-0.60000002	Pramogų arena	1183.6	4	Savanorių prospektas	1212.9	6	Troleibusai	6	07
665433	3-2259	1705	B>A	Žemieji Paneriai–J. Basanavičiaus–Kalvarijų g.–Žirmūnai	769	769.78998	1	Valkininkų st.	770.09998	7.5999999	Reformatų st.	799.59998	6	Troleibusai	6	08Ž
665433	3-2259	1705	B>A	Žemieji Paneriai–J. Basanavičiaus–Kalvarijų g.–Žirmūnai	888	888.19	-0.5	Baldai	892.29999	3.3	Verkių st.	934.5	6	Troleibusai	6	08Ž
665433	3-2259	1705	B>A	Žemieji Paneriai–J. Basanavičiaus–Kalvarijų g.–Žirmūnai	1000	999.88	-3.8	Verkių st.	1039.5	1	Vingis	1016.9	6	Troleibusai	6	08Ž
665433	3-2259	1705	B>A	Žemieji Paneriai–J. Basanavičiaus–Kalvarijų g.–Žirmūnai	1368	1367.98	-3.3	Tauragnų st.	1405.7	0	Ūmėdžių st.	1369	6	Troleibusai	6	08Ž
665181	3-2341	2696	B>A	Stotis–Žvėrynas–Justiniškės–Pašilaičiai	878	880.88	2.3	Spaudos rūmai	905.29999	3.5	Sėlių st.	897.79999	7	Troleibusai	7	02
665181	3-2341	2696	B>A	Stotis–Žvėrynas–Justiniškės–Pašilaičiai	967	969.28003	0.89999998	Kaukaro st.	995	3.0999999	Sėlių st.	986.40002	7	Troleibusai	7	02
665181	3-2341	2696	A>B	Pašilaičiai–Justiniškės–Žvėrynas–Stotis	1010	1011.89	1.8	Skalvių st.	1012.9	5.0999999	Liubarto tiltas	1038.7	7	Troleibusai	7	02
665181	3-2341	2696	B>A	Stotis–Žvėrynas–Justiniškės–Pašilaičiai	1049	1052.79	3.5	Stotis	1052.6	7.5	Teodoro Narbuto st.	1076	7	Troleibusai	7	02
665181	3-2341	2696	A>B	Pašilaičiai–Justiniškės–Žvėrynas–Stotis	1211	1212.89	1.8	Skalvių st.	1213.9	6.1999998	Vingriai	1250.2	7	Troleibusai	7	02
665181	3-2341	2696	B>A	Stotis–Žvėrynas–Justiniškės–Pašilaičiai	1250	1255.86	5.5999999	Stotis	1255.8	8.1000004	Justiniškės	1287.1	7	Troleibusai	7	02
665419	3-2464	2122	A>B	Pašilaičiai–Justiniškės–Žvėrynas–Stotis	890	889.71002	-0.5	Skalvių st.	890.59998	4	Kaukaro st.	904.59998	7	Troleibusai	7	03
665419	3-2464	2122	B>A	Stotis–Žvėrynas–Justiniškės–Pašilaičiai	930	930.59003	0.5	Stotis	930.70001	3.5999999	Teodoro Narbuto st.	953.09998	7	Troleibusai	7	03
665211	3-1715	2697	A>B	Pašilaičiai–Justiniškės–Žvėrynas–Stotis	585	584.28003	-4.5999999	Vingriai	614.90002	-0.80000001	Skalvių st.	585.20001	7	Troleibusai	7	04Ž
665211	3-1715	2697	A>B	Pašilaičiai–Justiniškės–Žvėrynas–Stotis	1138	1137.72	-0.5	Taikos st.	1143.2	3.3	Kęstučio st.	1163.8	7	Troleibusai	7	04Ž
665446	3-2867	2128	B>A	Stotis–Žvėrynas–Justiniškės–Pašilaičiai	768	768.84998	0.80000001	Stotis	768.79999	3.8	Sėlių st.	788	7	Troleibusai	7	05
665451	3-2607	2130	B>A	Stotis–Žvėrynas–Justiniškės–Pašilaičiai	785	785.67999	0.40000001	Stotis	785.5	3.0999999	Teodoro Narbuto st.	807.59998	7	Troleibusai	7	06
665451	3-2607	2130	B>A	Stotis–Žvėrynas–Justiniškės–Pašilaičiai	961	961.35999	0.2	Stotis	961.29999	4.0999999	Teodoro Narbuto st.	984.59998	7	Troleibusai	7	06
665377	3-1878	2715	A>B	Pašilaičiai–Justiniškės–Žvėrynas–Stotis	402	402.23001	0.2	Skalvių st.	403.29999	3.0999999	Liubarto tiltas	428.29999	7	Troleibusai	7	07Ž
665455	3-2017	2441	B>A	Stotis–Žvėrynas–Justiniškės–Pašilaičiai	681	681.59998	0.2	Stotis	681.29999	3.5999999	Teodoro Narbuto st.	704.09998	7	Troleibusai	7	08
665455	3-2017	2441	B>A	Stotis–Žvėrynas–Justiniškės–Pašilaičiai	1004	1005.2	0.89999998	Stotis	1005.1	3.4000001	Medeinos st.	1041.4	7	Troleibusai	7	08
665371	3-2428	2688	B>A	Stotis–Žvėrynas–Justiniškės–Pašilaičiai	997	996.71002	-0.40000001	Stotis	996.59998	4.1999998	Teodoro Narbuto st.	1020.7	7	Troleibusai	7	10
665398	3-2854	2647	B>A	Stotis–Žvėrynas–Justiniškės–Pašilaičiai	858	857.78003	-0.40000001	Stotis	857.79999	3.4000001	Sūduvių st.	894.5	7	Troleibusai	7	11
665491	3-2047	2502	B>A	Stotis–Žvėrynas–Justiniškės–Pašilaičiai	1026	1028.34	2.2	Stotis	1028.2	5.1999998	Medeinos st.	1065.3	7	Troleibusai	7	12
665411	3-2885	2527	B>A	Stotis–Žvėrynas–Justiniškės–Pašilaičiai	600	600.87	0.80000001	Stotis	600.90002	4.6999998	Medeinos st.	638.70001	7	Troleibusai	7	13
665411	3-2885	2527	B>A	Stotis–Žvėrynas–Justiniškės–Pašilaičiai	983	983.59998	0.40000001	Stotis	983.5	4.4000001	Medeinos st.	1021.4	7	Troleibusai	7	13
665320	3-2222	2714	B>A	Stotis–Žvėrynas–Justiniškės–Pašilaičiai	464	464.41	-3.5999999	Spaudos rūmai	485.5	-0.1	Rūdninkų st.	466.20001	7	Troleibusai	7	14Ž
665320	3-2222	2714	B>A	Stotis–Žvėrynas–Justiniškės–Pašilaičiai	752	751.25	-0.80000001	Stotis	751.40002	4.4000001	Medeinos st.	790.5	7	Troleibusai	7	14Ž
665320	3-2222	2714	B>A	Stotis–Žvėrynas–Justiniškės–Pašilaičiai	1135	1135.98	0.89999998	Stotis	1136.1	5	Medeinos st.	1173	7	Troleibusai	7	14Ž
665320	3-2222	2714	B>A	Stotis–Žvėrynas–Justiniškės–Pašilaičiai	1221	1220.2	-0.89999998	Stotis	1220.2	3.0999999	Medeinos st.	1257.1	7	Troleibusai	7	14Ž
665300	3-2453	1672	A>B	Karoliniškės–Šeimyniškių g.–Šiaurės miestelis	451	451.75	0.89999998	Ugniagesių st.	454.79999	3.3	Lietuvos edukologijos universitetas	467.29999	9	Troleibusai	9	01
665300	3-2453	1672	B>A	Šiaurės miestelis–Šeimyniškių g.–Karoliniškės	568	568.38	-0.40000001	Minties st.	572	3.0999999	Teodoro Narbuto st.	590.59998	9	Troleibusai	9	01
665300	3-2453	1672	A>B	Karoliniškės–Šeimyniškių g.–Šiaurės miestelis	644	645.21997	0.89999998	Laisvės prospektas	653.20001	3.7	Šiaurės miestelis	677.90002	9	Troleibusai	9	01
665300	3-2453	1672	B>A	Šiaurės miestelis–Šeimyniškių g.–Karoliniškės	685	684.70001	-0.30000001	Minties st.	690.09998	3.8	Teodoro Narbuto st.	709.29999	9	Troleibusai	9	01
665300	3-2453	1672	A>B	Karoliniškės–Šeimyniškių g.–Šiaurės miestelis	735	735.78003	0.69999999	Laisvės prospektas	744	4.1999998	Šiaurės miestelis	769.40002	9	Troleibusai	9	01
665300	3-2453	1672	B>A	Šiaurės miestelis–Šeimyniškių g.–Karoliniškės	775	775.40002	-0.2	Minties st.	780.20001	4.4000001	Teodoro Narbuto st.	799.90002	9	Troleibusai	9	01
665300	3-2453	1672	B>A	Šiaurės miestelis–Šeimyniškių g.–Karoliniškės	863	862.90002	-0.2	„Žalgirio“ stadionas	873.09998	5.9000001	Teodoro Narbuto st.	889.5	9	Troleibusai	9	01
665300	3-2453	1672	A>B	Karoliniškės–Šeimyniškių g.–Šiaurės miestelis	905	906.29999	1	Laisvės prospektas	914.29999	3.3	Tuskulėnų rimties parkas	933.09998	9	Troleibusai	9	01
665300	3-2453	1672	B>A	Šiaurės miestelis–Šeimyniškių g.–Karoliniškės	945	945.04999	0.89999998	Povilo Lukšio st.	946	5.5999999	Atminties st.	979.79999	9	Troleibusai	9	01
665300	3-2453	1672	A>B	Karoliniškės–Šeimyniškių g.–Šiaurės miestelis	983	984.19	0.80000001	Laisvės prospektas	992.09998	3.8	Tuskulėnų rimties parkas	1011.6	9	Troleibusai	9	01
665300	3-2453	1672	B>A	Šiaurės miestelis–Šeimyniškių g.–Karoliniškės	1108	1109.76	1.8	Minties st.	1114.1	4.5	Teodoro Narbuto st.	1132	9	Troleibusai	9	01
665300	3-2453	1672	A>B	Karoliniškės–Šeimyniškių g.–Šiaurės miestelis	1251	1251.27	0.2	Atminties st.	1252.9	4.4000001	Šiaurės miestelis	1284.5	9	Troleibusai	9	01
665457	3-3035	1477	B>A	Šiaurės miestelis–Šeimyniškių g.–Karoliniškės	626	626.35999	0.60000002	Minties st.	632	4.6999998	Teodoro Narbuto st.	651.20001	9	Troleibusai	9	02
665457	3-3035	1477	A>B	Karoliniškės–Šeimyniškių g.–Šiaurės miestelis	952	950.71997	-1.5	Karoliniškių poliklinika	954.79999	3.8	Šiaurės miestelis	985.90002	9	Troleibusai	9	02
665457	3-3035	1477	B>A	Šiaurės miestelis–Šeimyniškių g.–Karoliniškės	993	993.10999	-1	Nacionalinė dailės galerija	1006.7	3.0999999	Teodoro Narbuto st.	1016.6	9	Troleibusai	9	02
665457	3-3035	1477	A>B	Karoliniškės–Šeimyniškių g.–Šiaurės miestelis	1033	1033.78	0	Laisvės prospektas	1041.3	4.3000002	Tuskulėnų rimties parkas	1062.1	9	Troleibusai	9	02
665375	3-2108	2695	B>A	Šiaurės miestelis–Šeimyniškių g.–Karoliniškės	448	451.10999	1.1	„Žalgirio“ stadionas	458.39999	3.4000001	Sietyno st.	474	9	Troleibusai	9	03
665375	3-2108	2695	B>A	Šiaurės miestelis–Šeimyniškių g.–Karoliniškės	526	528.78003	0.5	Povilo Lukšio st.	526.70001	5.1999998	Teodoro Narbuto st.	549.70001	9	Troleibusai	9	03
665375	3-2108	2695	B>A	Šiaurės miestelis–Šeimyniškių g.–Karoliniškės	716	715.78003	-0.2	Povilo Lukšio st.	715.90002	3.5999999	Atminties st.	748.70001	9	Troleibusai	9	03
665375	3-2108	2695	A>B	Karoliniškės–Šeimyniškių g.–Šiaurės miestelis	753	753.57001	0.60000002	Atminties st.	755.09998	5.0999999	Šiaurės miestelis	788.20001	9	Troleibusai	9	03
665375	3-2108	2695	B>A	Šiaurės miestelis–Šeimyniškių g.–Karoliniškės	790	790.45001	0.80000001	Povilo Lukšio st.	791	4.4000001	Karoliniškių poliklinika	820.90002	9	Troleibusai	9	03
665375	3-2108	2695	A>B	Karoliniškės–Šeimyniškių g.–Šiaurės miestelis	838	837.87	-0.5	Laisvės prospektas	845.90002	3.9000001	Šiaurės miestelis	872	9	Troleibusai	9	03
665470	3-2555	1545	B>A	Šiaurės miestelis–Šeimyniškių g.–Karoliniškės	593	594.47998	1.5	Povilo Lukšio st.	594.59998	5	Ugniagesių st.	625	9	Troleibusai	9	04
665470	3-2555	1545	A>B	Karoliniškės–Šeimyniškių g.–Šiaurės miestelis	633	634.29999	1.1	Laisvės prospektas	642.5	5.1999998	Šiaurės miestelis	668.29999	9	Troleibusai	9	04
665470	3-2555	1545	B>A	Šiaurės miestelis–Šeimyniškių g.–Karoliniškės	673	672.96002	0.30000001	„Žalgirio“ stadionas	683.5	3.2	Teodoro Narbuto st.	696.70001	9	Troleibusai	9	04
665470	3-2555	1545	A>B	Karoliniškės–Šeimyniškių g.–Šiaurės miestelis	710	712.52002	3.0999999	Pasakų parkas	713.5	7.3000002	Šiaurės miestelis	747.40002	9	Troleibusai	9	04
665470	3-2555	1545	B>A	Šiaurės miestelis–Šeimyniškių g.–Karoliniškės	748	748.75	0.60000002	Minties st.	754	3.3	Teodoro Narbuto st.	771.79999	9	Troleibusai	9	04
665470	3-2555	1545	A>B	Karoliniškės–Šeimyniškių g.–Šiaurės miestelis	811	811.16998	-0.40000001	Laisvės prospektas	818.90002	5.0999999	Šiaurės miestelis	846.20001	9	Troleibusai	9	04
665470	3-2555	1545	B>A	Šiaurės miestelis–Šeimyniškių g.–Karoliniškės	849	849.33002	0	Tuskulėnų rimties parkas	856.40002	3.5	Teodoro Narbuto st.	873	9	Troleibusai	9	04
665470	3-2555	1545	A>B	Karoliniškės–Šeimyniškių g.–Šiaurės miestelis	892	892.12	-0.5	Laisvės prospektas	899.79999	4	Tuskulėnų rimties parkas	920.79999	9	Troleibusai	9	04
665470	3-2555	1545	B>A	Šiaurės miestelis–Šeimyniškių g.–Karoliniškės	929	929.42999	-0.2	Minties st.	934.20001	3.3	Atminties st.	961.5	9	Troleibusai	9	04
665470	3-2555	1545	A>B	Karoliniškės–Šeimyniškių g.–Šiaurės miestelis	994	993.98999	-0.30000001	Laisvės prospektas	1002	3.0999999	Šiaurės miestelis	1027.2	9	Troleibusai	9	04
665470	3-2555	1545	B>A	Šiaurės miestelis–Šeimyniškių g.–Karoliniškės	1032	1031.8	-0.80000001	Tuskulėnų rimties parkas	1038.5	4.5	Atminties st.	1065.7	9	Troleibusai	9	04
665470	3-2555	1545	A>B	Karoliniškės–Šeimyniškių g.–Šiaurės miestelis	1079	1078.96	-0.1	Atminties st.	1080.5	5.3000002	Tuskulėnų rimties parkas	1108.2	9	Troleibusai	9	04
665303	3-1423	2711	A>B	Karoliniškės–Šeimyniškių g.–Šiaurės miestelis	693	692.91998	0.2	Laisvės prospektas	701.5	3.5	Tuskulėnų rimties parkas	721.40002	9	Troleibusai	9	05Ž
665303	3-1423	2711	A>B	Karoliniškės–Šeimyniškių g.–Šiaurės miestelis	860	860.89001	-0.2	Laisvės prospektas	868.09998	4.3000002	„Žalgirio“ stadionas	886.29999	9	Troleibusai	9	05Ž
665303	3-1423	2711	A>B	Karoliniškės–Šeimyniškių g.–Šiaurės miestelis	939	939.76001	-0.2	Laisvės prospektas	947.29999	4.6999998	Tuskulėnų rimties parkas	968.5	9	Troleibusai	9	05Ž
665303	3-1423	2711	A>B	Karoliniškės–Šeimyniškių g.–Šiaurės miestelis	1018	1017.65	-0.60000002	Laisvės prospektas	1025.7	3.5999999	Lvovo st.	1041.9	9	Troleibusai	9	05Ž
665386	3-1824	1666	B>A	Šiaurės miestelis–Šeimyniškių g.–Karoliniškės	430	431	0.60000002	Nacionalinė dailės galerija	444.29999	4.4000001	Atminties st.	462.60001	9	Troleibusai	9	06
665386	3-1824	1666	A>B	Karoliniškės–Šeimyniškių g.–Šiaurės miestelis	468	468.45001	0.5	Ugniagesių st.	471.39999	4	Šiaurės miestelis	501.10001	9	Troleibusai	9	06
665386	3-1824	1666	B>A	Šiaurės miestelis–Šeimyniškių g.–Karoliniškės	504	505.51001	1.6	Povilo Lukšio st.	505.79999	5.3000002	Teodoro Narbuto st.	528.79999	9	Troleibusai	9	06
665386	3-1824	1666	A>B	Karoliniškės–Šeimyniškių g.–Šiaurės miestelis	545	545.19	-0.60000002	Laisvės prospektas	552.70001	4	Tuskulėnų rimties parkas	573.79999	9	Troleibusai	9	06
665386	3-1824	1666	B>A	Šiaurės miestelis–Šeimyniškių g.–Karoliniškės	659	659.59998	1.1	Tuskulėnų rimties parkas	667.40002	4	Ugniagesių st.	691	9	Troleibusai	9	06
665386	3-1824	1666	A>B	Karoliniškės–Šeimyniškių g.–Šiaurės miestelis	726	726.79999	0.80000001	Atminties st.	728.5	6.4000001	Šiaurės miestelis	762.5	9	Troleibusai	9	06
665386	3-1824	1666	B>A	Šiaurės miestelis–Šeimyniškių g.–Karoliniškės	763	764.35999	1.9	Povilo Lukšio st.	765.20001	7.1999998	Teodoro Narbuto st.	790.79999	9	Troleibusai	9	06
665386	3-1824	1666	A>B	Karoliniškės–Šeimyniškių g.–Šiaurės miestelis	800	801.66998	1.5	Laisvės prospektas	809.79999	4.1999998	Šiaurės miestelis	834.29999	9	Troleibusai	9	06
665386	3-1824	1666	B>A	Šiaurės miestelis–Šeimyniškių g.–Karoliniškės	837	837.81	0.2	Tuskulėnų rimties parkas	844.5	3.4000001	Atminties st.	869.5	9	Troleibusai	9	06
665386	3-1824	1666	A>B	Karoliniškės–Šeimyniškių g.–Šiaurės miestelis	875	875.71002	0	Laisvės prospektas	883.5	3.5	Šiaurės miestelis	908.59998	9	Troleibusai	9	06

(1594 rows affected)
